[38;5;69;48;5;110m±[38;5;69;48;5;110m±[38;5;104;48;5;146m±[38;5;104;48;5;146m±[38;5;62;48;5;147m°[38;5;99;48;5;189m [38;5;99;48;5;183m°[38;5;62;48;5;147m±[38;5;104;48;5;146m±[38;5;69;48;5;146m±[38;5;69;48;5;146m±[38;5;69;48;5;147m°[38;5;69;48;5;146m±[38;5;69;48;5;146m²[38;5;26;48;5;255m [38;5;99;48;5;103m²[38;5;98;48;5;96m²[38;5;98;48;5;236m±[38;5;98;48;5;237m±[38;5;98;48;5;236m²[38;5;98;48;5;237m²[38;5;99;48;5;237m²[38;5;99;48;5;253m±[38;5;62;48;5;189m±[38;5;62;48;5;189m±[38;5;62;48;5;189m±[38;5;62;48;5;189m°[38;5;62;48;5;189m°[38;5;62;48;5;189m°[38;5;62;48;5;189m°[38;5;62;48;5;189m°[38;5;62;48;5;189m°[38;5;189;48;5;189m [38;5;99;48;5;189m [38;5;99;48;5;189m [38;5;189;48;5;189m [38;5;104;48;5;189m±[38;5;231;48;5;231m²[38;5;231;48;5;231m²[38;5;231;48;5;231m²[38;5;231;48;5;231m²[38;5;153;48;5;231m [38;5;189;48;5;189m°[38;5;189;48;5;189m [38;5;189;48;5;189m [38;5;189;48;5;189m [38;5;99;48;5;255m°[38;5;99;48;5;254m±[38;5;231;48;5;231m²[38;5;231;48;5;231m²[38;5;231;48;5;231m²[38;5;230;48;5;231m [38;5;231;48;5;231m²[38;5;189;48;5;189m [38;5;68;48;5;67m±[38;5;69;48;5;66m²[38;5;69;48;5;239m²[38;5;69;48;5;238m²[38;5;60;48;5;240m²[38;5;98;48;5;238m²[38;5;99;48;5;237m²[38;5;57;48;5;255m±[38;5;231;48;5;231m²[38;5;231;48;5;231m²[38;5;231;48;5;231m²[38;5;231;48;5;231m²[38;5;60;48;5;248m²[38;5;99;48;5;103m²[38;5;98;48;5;139m²[38;5;56;48;5;103m²[38;5;93;48;5;140m²[38;5;55;48;5;146m±[38;5;55;48;5;140m²[38;5;55;48;5;140m²[38;5;92;48;5;249m²[38;5;98;48;5;139m²[38;5;99;48;5;140m²[38;5;99;48;5;146m²[38;5;99;48;5;139m²[38;5;99;48;5;103m²[0m
[38;5;147;48;5;147m°[38;5;147;48;5;147m°[38;5;99;48;5;147m°[38;5;99;48;5;146m±[38;5;99;48;5;147m°[38;5;62;48;5;147m±[38;5;104;48;5;146m±[38;5;69;48;5;110m±[38;5;69;48;5;110m±[38;5;69;48;5;110m±[38;5;69;48;5;104m±[38;5;69;48;5;104m²[38;5;26;48;5;255m [38;5;231;48;5;231m²[38;5;231;48;5;231m²[38;5;171;48;5;231m [38;5;57;48;5;103m²[38;5;98;48;5;237m±[38;5;98;48;5;237m²[38;5;56;48;5;236m²[38;5;56;48;5;235m±[38;5;98;48;5;236m²[38;5;98;48;5;251m²[38;5;62;48;5;189m±[38;5;62;48;5;189m±[38;5;99;48;5;189m±[38;5;99;48;5;189m±[38;5;99;48;5;189m±[38;5;99;48;5;189m±[38;5;99;48;5;189m±[38;5;62;48;5;189m±[38;5;62;48;5;189m±[38;5;62;48;5;189m°[38;5;62;48;5;189m±[38;5;62;48;5;189m°[38;5;146;48;5;254m±[38;5;231;48;5;231m²[38;5;231;48;5;231m²[38;5;231;48;5;231m²[38;5;231;48;5;231m²[38;5;62;48;5;255m±[38;5;146;48;5;189m±[38;5;62;48;5;189m±[38;5;189;48;5;189m°[38;5;146;48;5;189m±[38;5;99;48;5;255m°[38;5;231;48;5;231m²[38;5;231;48;5;231m²[38;5;231;48;5;231m²[38;5;231;48;5;231m²[38;5;231;48;5;231m²[38;5;231;48;5;231m²[38;5;146;48;5;252m±[38;5;103;48;5;103m²[38;5;61;48;5;240m²[38;5;103;48;5;238m²[38;5;171;48;5;239m²[38;5;199;48;5;95m²[38;5;200;48;5;238m²[38;5;99;48;5;238m²[38;5;104;48;5;236m±[38;5;61;48;5;237m²[38;5;103;48;5;238m²[38;5;231;48;5;231m²[38;5;231;48;5;231m²[38;5;231;48;5;231m²[38;5;231;48;5;231m²[38;5;231;48;5;231m²[38;5;98;48;5;254m²[38;5;98;48;5;103m²[38;5;57;48;5;146m²[38;5;57;48;5;146m²[38;5;56;48;5;146m²[38;5;57;48;5;146m²[38;5;57;48;5;146m²[38;5;57;48;5;140m²[38;5;57;48;5;140m²[38;5;57;48;5;140m²[38;5;57;48;5;140m²[38;5;56;48;5;139m²[0m
[38;5;62;48;5;146m±[38;5;62;48;5;146m±[38;5;99;48;5;146m±[38;5;62;48;5;146m±[38;5;147;48;5;147m°[38;5;104;48;5;104m±[38;5;62;48;5;104m±[38;5;62;48;5;104m±[38;5;104;48;5;104m±[38;5;69;48;5;103m±[38;5;69;48;5;251m²[38;5;195;48;5;231m [38;5;231;48;5;231m²[38;5;231;48;5;231m²[38;5;231;48;5;231m²[38;5;231;48;5;231m²[38;5;225;48;5;231m [38;5;56;48;5;247m²[38;5;56;48;5;236m²[38;5;97;48;5;237m²[38;5;93;48;5;235m±[38;5;55;48;5;235m±[38;5;56;48;5;237m²[38;5;98;48;5;189m±[38;5;99;48;5;189m±[38;5;99;48;5;189m±[38;5;99;48;5;189m±[38;5;99;48;5;189m±[38;5;99;48;5;189m±[38;5;99;48;5;253m±[38;5;56;48;5;182m²[38;5;97;48;5;146m²[38;5;92;48;5;250m²[38;5;134;48;5;250m²[38;5;92;48;5;254m²[38;5;231;48;5;231m²[38;5;231;48;5;231m²[38;5;231;48;5;231m²[38;5;231;48;5;231m²[38;5;99;48;5;189m°[38;5;99;48;5;189m°[38;5;99;48;5;189m°[38;5;99;48;5;189m°[38;5;99;48;5;254m±[38;5;231;48;5;231m²[38;5;231;48;5;231m²[38;5;231;48;5;231m²[38;5;231;48;5;231m²[38;5;231;48;5;231m²[38;5;231;48;5;231m²[38;5;231;48;5;231m²[38;5;189;48;5;189m [38;5;69;48;5;67m²[38;5;69;48;5;239m²[38;5;92;48;5;238m²[38;5;125;48;5;53m±[38;5;168;48;5;211m°[38;5;204;48;5;204m [38;5;204;48;5;204m°[38;5;161;48;5;168m±[38;5;206;48;5;238m±[38;5;171;48;5;237m²[38;5;57;48;5;237m²[38;5;99;48;5;237m²[38;5;99;48;5;255m°[38;5;231;48;5;231m²[38;5;231;48;5;231m²[38;5;231;48;5;231m²[38;5;231;48;5;231m²[38;5;104;48;5;189m±[38;5;99;48;5;189m±[38;5;99;48;5;103m²[38;5;99;48;5;103m²[38;5;99;48;5;103m²[38;5;99;48;5;103m²[38;5;99;48;5;103m²[38;5;99;48;5;103m²[38;5;99;48;5;140m±[38;5;99;48;5;140m²[38;5;99;48;5;103m²[0m
[38;5;104;48;5;146m±[38;5;62;48;5;146m±[38;5;62;48;5;146m±[38;5;62;48;5;104m±[38;5;69;48;5;104m±[38;5;104;48;5;104m±[38;5;104;48;5;104m±[38;5;104;48;5;104m±[38;5;61;48;5;103m±[38;5;69;48;5;255m [38;5;231;48;5;231m²[38;5;231;48;5;231m²[38;5;231;48;5;231m²[38;5;231;48;5;231m²[38;5;225;48;5;231m [38;5;231;48;5;231m²[38;5;231;48;5;231m²[38;5;231;48;5;231m²[38;5;225;48;5;231m [38;5;55;48;5;249m²[38;5;129;48;5;238m²[38;5;171;48;5;234m±[38;5;91;48;5;235m±[38;5;171;48;5;234m±[38;5;171;48;5;250m²[38;5;92;48;5;239m²[38;5;55;48;5;236m²[38;5;56;48;5;237m²[38;5;56;48;5;237m²[38;5;98;48;5;237m²[38;5;56;48;5;237m²[38;5;97;48;5;237m²[38;5;55;48;5;236m²[38;5;93;48;5;238m²[38;5;93;48;5;237m²[38;5;97;48;5;235m²[38;5;56;48;5;236m²[38;5;57;48;5;236m²[38;5;98;48;5;102m²[38;5;98;48;5;146m²[38;5;98;48;5;146m±[38;5;99;48;5;146m²[38;5;99;48;5;189m±[38;5;98;48;5;255m°[38;5;56;48;5;231m [38;5;231;48;5;231m²[38;5;231;48;5;231m²[38;5;231;48;5;231m²[38;5;231;48;5;231m²[38;5;231;48;5;231m²[38;5;231;48;5;231m²[38;5;69;48;5;60m²[38;5;61;48;5;239m²[38;5;103;48;5;238m²[38;5;162;48;5;95m²[38;5;204;48;5;204m°[38;5;204;48;5;204m [38;5;204;48;5;204m [38;5;211;48;5;204m [38;5;168;48;5;204m°[38;5;197;48;5;168m±[38;5;197;48;5;168m±[38;5;161;48;5;95m±[38;5;134;48;5;237m²[38;5;103;48;5;238m²[38;5;103;48;5;252m²[38;5;231;48;5;231m²[38;5;231;48;5;231m²[38;5;231;48;5;231m²[38;5;146;48;5;254m±[38;5;189;48;5;189m [38;5;62;48;5;189m°[38;5;146;48;5;146m²[38;5;99;48;5;103m²[38;5;98;48;5;103m²[38;5;57;48;5;103m²[38;5;99;48;5;103m²[38;5;103;48;5;103m²[38;5;103;48;5;103m²[38;5;99;48;5;97m²[0m
[38;5;62;48;5;146m±[38;5;62;48;5;146m±[38;5;62;48;5;104m±[38;5;69;48;5;104m±[38;5;104;48;5;104m±[38;5;104;48;5;104m±[38;5;104;48;5;104m±[38;5;69;48;5;104m±[38;5;69;48;5;146m±[38;5;231;48;5;231m²[38;5;231;48;5;231m²[38;5;231;48;5;231m²[38;5;231;48;5;231m²[38;5;225;48;5;231m [38;5;225;48;5;231m [38;5;231;48;5;231m²[38;5;225;48;5;231m [38;5;225;48;5;231m [38;5;170;48;5;255m±[38;5;91;48;5;96m²[38;5;128;48;5;237m²[38;5;165;48;5;237m²[38;5;165;48;5;237m²[38;5;165;48;5;237m²[38;5;165;48;5;237m²[38;5;171;48;5;237m²[38;5;54;48;5;238m²[38;5;92;48;5;237m²[38;5;93;48;5;237m²[38;5;97;48;5;237m²[38;5;55;48;5;237m²[38;5;93;48;5;237m²[38;5;55;48;5;237m²[38;5;55;48;5;238m²[38;5;93;48;5;238m²[38;5;55;48;5;238m²[38;5;55;48;5;236m²[38;5;97;48;5;237m²[38;5;97;48;5;237m²[38;5;56;48;5;237m²[38;5;57;48;5;236m±[38;5;57;48;5;236m±[38;5;57;48;5;236m²[38;5;56;48;5;236m²[38;5;56;48;5;237m²[38;5;55;48;5;237m²[38;5;134;48;5;238m²[38;5;128;48;5;250m²[38;5;54;48;5;255m±[38;5;99;48;5;231m [38;5;69;48;5;103m²[38;5;103;48;5;60m²[38;5;60;48;5;239m²[38;5;132;48;5;95m±[38;5;211;48;5;205m [38;5;211;48;5;204m [38;5;204;48;5;204m [38;5;204;48;5;204m [38;5;204;48;5;204m [38;5;204;48;5;204m [38;5;204;48;5;204m°[38;5;204;48;5;168m°[38;5;168;48;5;168m°[38;5;197;48;5;168m±[38;5;169;48;5;95m²[38;5;97;48;5;237m²[38;5;103;48;5;252m²[38;5;231;48;5;231m²[38;5;231;48;5;231m²[38;5;98;48;5;255m±[38;5;57;48;5;189m±[38;5;104;48;5;189m±[38;5;62;48;5;189m±[38;5;69;48;5;189m [38;5;103;48;5;103m²[38;5;99;48;5;103m²[38;5;98;48;5;103m²[38;5;98;48;5;103m²[38;5;99;48;5;103m²[38;5;99;48;5;97m²[0m
[38;5;99;48;5;140m±[38;5;62;48;5;104m±[38;5;69;48;5;104m±[38;5;69;48;5;104m±[38;5;104;48;5;104m±[38;5;104;48;5;104m±[38;5;104;48;5;104m±[38;5;62;48;5;146m±[38;5;104;48;5;146m±[38;5;141;48;5;231m [38;5;99;48;5;231m [38;5;57;48;5;231m [38;5;141;48;5;255m [38;5;141;48;5;189m [38;5;56;48;5;255m [38;5;55;48;5;182m±[38;5;128;48;5;236m±[38;5;163;48;5;238m²[38;5;200;48;5;237m²[38;5;171;48;5;238m²[38;5;165;48;5;237m²[38;5;139;48;5;237m²[38;5;54;48;5;237m²[38;5;92;48;5;235m±[38;5;92;48;5;59m²[38;5;129;48;5;239m²[38;5;171;48;5;238m²[38;5;171;48;5;238m²[38;5;128;48;5;238m²[38;5;128;48;5;238m²[38;5;128;48;5;238m²[38;5;128;48;5;238m²[38;5;128;48;5;238m²[38;5;171;48;5;238m²[38;5;129;48;5;239m²[38;5;128;48;5;239m²[38;5;54;48;5;238m²[38;5;54;48;5;237m²[38;5;92;48;5;237m²[38;5;97;48;5;237m²[38;5;55;48;5;238m²[38;5;55;48;5;239m²[38;5;92;48;5;238m²[38;5;92;48;5;238m²[38;5;54;48;5;238m²[38;5;129;48;5;238m²[38;5;92;48;5;237m²[38;5;134;48;5;237m²[38;5;140;48;5;234m±[38;5;99;48;5;236m²[38;5;103;48;5;60m²[38;5;98;48;5;239m²[38;5;206;48;5;239m²[38;5;168;48;5;168m°[38;5;204;48;5;204m [38;5;204;48;5;204m [38;5;204;48;5;204m [38;5;204;48;5;204m [38;5;204;48;5;204m [38;5;204;48;5;204m [38;5;204;48;5;204m°[38;5;204;48;5;204m°[38;5;211;48;5;204m°[38;5;211;48;5;204m°[38;5;204;48;5;204m°[38;5;197;48;5;168m±[38;5;199;48;5;238m±[38;5;231;48;5;231m²[38;5;231;48;5;231m²[38;5;99;48;5;255m±[38;5;99;48;5;189m±[38;5;99;48;5;189m±[38;5;62;48;5;189m±[38;5;62;48;5;189m°[38;5;189;48;5;189m [38;5;103;48;5;103m²[38;5;98;48;5;139m²[38;5;56;48;5;97m²[38;5;56;48;5;97m²[38;5;99;48;5;97m²[0m
[38;5;99;48;5;140m±[38;5;104;48;5;104m±[38;5;104;48;5;104m±[38;5;104;48;5;104m±[38;5;104;48;5;104m±[38;5;104;48;5;104m±[38;5;62;48;5;110m±[38;5;104;48;5;104m±[38;5;61;48;5;103m±[38;5;69;48;5;189m [38;5;189;48;5;231m [38;5;57;48;5;255m [38;5;98;48;5;139m²[38;5;56;48;5;96m²[38;5;134;48;5;239m²[38;5;200;48;5;238m²[38;5;206;48;5;238m²[38;5;199;48;5;239m²[38;5;206;48;5;238m²[38;5;163;48;5;238m²[38;5;200;48;5;238m²[38;5;91;48;5;238m²[38;5;92;48;5;60m²[38;5;97;48;5;103m²[38;5;55;48;5;97m²[38;5;134;48;5;60m²[38;5;134;48;5;96m²[38;5;171;48;5;240m²[38;5;171;48;5;239m²[38;5;128;48;5;239m²[38;5;165;48;5;239m²[38;5;139;48;5;238m²[38;5;139;48;5;239m²[38;5;139;48;5;239m²[38;5;200;48;5;239m²[38;5;126;48;5;239m²[38;5;126;48;5;239m²[38;5;96;48;5;239m²[38;5;165;48;5;238m²[38;5;129;48;5;238m²[38;5;165;48;5;238m²[38;5;165;48;5;238m²[38;5;54;48;5;238m²[38;5;92;48;5;238m²[38;5;92;48;5;60m²[38;5;92;48;5;238m²[38;5;54;48;5;238m²[38;5;165;48;5;237m²[38;5;92;48;5;237m²[38;5;98;48;5;236m±[38;5;60;48;5;60m²[38;5;93;48;5;240m²[38;5;161;48;5;96m²[38;5;204;48;5;210m [38;5;204;48;5;204m [38;5;204;48;5;204m [38;5;204;48;5;204m [38;5;204;48;5;204m [38;5;204;48;5;204m [38;5;204;48;5;204m [38;5;204;48;5;204m [38;5;204;48;5;204m [38;5;211;48;5;204m°[38;5;211;48;5;204m°[38;5;204;48;5;204m°[38;5;211;48;5;204m°[38;5;197;48;5;168m±[38;5;96;48;5;96m²[38;5;69;48;5;255m [38;5;146;48;5;252m²[38;5;99;48;5;188m±[38;5;99;48;5;189m±[38;5;99;48;5;189m±[38;5;62;48;5;189m°[38;5;62;48;5;189m°[38;5;69;48;5;189m [38;5;103;48;5;103m²[38;5;56;48;5;103m²[38;5;57;48;5;97m²[38;5;99;48;5;97m²[0m
[38;5;104;48;5;104m±[38;5;104;48;5;104m±[38;5;104;48;5;104m±[38;5;104;48;5;104m±[38;5;104;48;5;104m±[38;5;104;48;5;104m±[38;5;104;48;5;104m±[38;5;61;48;5;103m±[38;5;61;48;5;103m²[38;5;61;48;5;67m²[38;5;99;48;5;97m²[38;5;99;48;5;97m²[38;5;57;48;5;97m²[38;5;92;48;5;97m²[38;5;165;48;5;240m²[38;5;200;48;5;239m²[38;5;133;48;5;239m²[38;5;54;48;5;240m²[38;5;171;48;5;96m²[38;5;96;48;5;96m²[38;5;200;48;5;239m²[38;5;54;48;5;60m²[38;5;56;48;5;103m²[38;5;56;48;5;103m²[38;5;93;48;5;97m²[38;5;56;48;5;97m²[38;5;56;48;5;103m²[38;5;56;48;5;103m²[38;5;56;48;5;103m²[38;5;56;48;5;97m²[38;5;56;48;5;97m²[38;5;56;48;5;97m²[38;5;55;48;5;103m²[38;5;55;48;5;97m²[38;5;92;48;5;96m²[38;5;165;48;5;241m²[38;5;165;48;5;240m²[38;5;128;48;5;241m²[38;5;54;48;5;241m²[38;5;92;48;5;240m²[38;5;54;48;5;239m²[38;5;91;48;5;239m²[38;5;165;48;5;238m²[38;5;165;48;5;238m²[38;5;165;48;5;238m²[38;5;129;48;5;240m²[38;5;165;48;5;239m²[38;5;126;48;5;238m²[38;5;165;48;5;238m²[38;5;57;48;5;237m²[38;5;60;48;5;60m²[38;5;165;48;5;239m²[38;5;197;48;5;175m±[38;5;204;48;5;204m [38;5;204;48;5;204m [38;5;204;48;5;204m [38;5;204;48;5;204m [38;5;204;48;5;204m [38;5;204;48;5;204m [38;5;204;48;5;204m [38;5;204;48;5;204m [38;5;204;48;5;204m [38;5;211;48;5;204m°[38;5;211;48;5;204m°[38;5;204;48;5;204m [38;5;204;48;5;204m [38;5;204;48;5;204m°[38;5;175;48;5;132m±[38;5;92;48;5;182m±[38;5;99;48;5;189m±[38;5;99;48;5;252m±[38;5;99;48;5;252m±[38;5;62;48;5;189m±[38;5;62;48;5;189m±[38;5;189;48;5;189m°[38;5;111;48;5;189m°[38;5;69;48;5;146m±[38;5;98;48;5;103m²[38;5;57;48;5;103m²[38;5;98;48;5;97m²[0m
[38;5;61;48;5;104m±[38;5;61;48;5;104m±[38;5;104;48;5;104m±[38;5;104;48;5;104m±[38;5;104;48;5;104m±[38;5;61;48;5;103m±[38;5;61;48;5;61m²[38;5;61;48;5;103m±[38;5;99;48;5;97m²[38;5;99;48;5;103m²[38;5;99;48;5;103m²[38;5;99;48;5;103m²[38;5;98;48;5;103m²[38;5;56;48;5;97m²[38;5;55;48;5;97m²[38;5;165;48;5;139m²[38;5;92;48;5;60m²[38;5;56;48;5;103m²[38;5;92;48;5;97m²[38;5;200;48;5;240m²[38;5;163;48;5;239m±[38;5;92;48;5;103m²[38;5;99;48;5;103m²[38;5;55;48;5;103m²[38;5;134;48;5;60m²[38;5;92;48;5;103m²[38;5;55;48;5;103m²[38;5;56;48;5;103m²[38;5;57;48;5;103m²[38;5;93;48;5;97m²[38;5;92;48;5;97m²[38;5;92;48;5;97m²[38;5;92;48;5;97m²[38;5;92;48;5;97m²[38;5;134;48;5;60m²[38;5;134;48;5;96m²[38;5;92;48;5;245m²[38;5;92;48;5;96m²[38;5;55;48;5;96m²[38;5;55;48;5;96m²[38;5;171;48;5;96m²[38;5;128;48;5;59m²[38;5;165;48;5;239m²[38;5;139;48;5;239m²[38;5;139;48;5;238m²[38;5;200;48;5;238m²[38;5;200;48;5;237m²[38;5;200;48;5;239m²[38;5;134;48;5;239m²[38;5;98;48;5;238m²[38;5;103;48;5;60m²[38;5;163;48;5;239m²[38;5;204;48;5;210m°[38;5;204;48;5;204m [38;5;204;48;5;204m [38;5;204;48;5;204m [38;5;204;48;5;204m [38;5;204;48;5;204m [38;5;204;48;5;204m [38;5;204;48;5;204m [38;5;204;48;5;204m [38;5;204;48;5;210m°[38;5;161;48;5;95m±[38;5;197;48;5;168m±[38;5;211;48;5;204m [38;5;204;48;5;204m [38;5;204;48;5;204m [38;5;197;48;5;169m°[38;5;139;48;5;249m²[38;5;99;48;5;189m±[38;5;62;48;5;189m±[38;5;104;48;5;252m±[38;5;99;48;5;189m±[38;5;98;48;5;189m±[38;5;57;48;5;189m°[38;5;62;48;5;153m±[38;5;69;48;5;146m±[38;5;69;48;5;60m²[38;5;68;48;5;60m²[38;5;67;48;5;60m²[0m
[38;5;104;48;5;104m±[38;5;104;48;5;104m±[38;5;104;48;5;104m±[38;5;104;48;5;104m±[38;5;61;48;5;97m²[38;5;99;48;5;140m±[38;5;98;48;5;103m±[38;5;98;48;5;97m²[38;5;57;48;5;97m²[38;5;57;48;5;103m²[38;5;98;48;5;96m²[38;5;99;48;5;97m²[38;5;57;48;5;97m²[38;5;56;48;5;103m²[38;5;92;48;5;97m²[38;5;165;48;5;240m²[38;5;165;48;5;96m²[38;5;139;48;5;96m²[38;5;200;48;5;240m²[38;5;126;48;5;239m²[38;5;96;48;5;96m²[38;5;129;48;5;103m²[38;5;134;48;5;97m²[38;5;165;48;5;96m²[38;5;200;48;5;96m²[38;5;96;48;5;96m²[38;5;128;48;5;103m²[38;5;134;48;5;97m²[38;5;134;48;5;97m²[38;5;171;48;5;96m²[38;5;171;48;5;97m²[38;5;171;48;5;96m²[38;5;91;48;5;96m²[38;5;165;48;5;59m²[38;5;165;48;5;96m²[38;5;91;48;5;96m²[38;5;54;48;5;96m²[38;5;91;48;5;96m²[38;5;91;48;5;96m²[38;5;165;48;5;59m²[38;5;128;48;5;241m²[38;5;165;48;5;96m²[38;5;165;48;5;96m²[38;5;96;48;5;242m²[38;5;96;48;5;59m²[38;5;165;48;5;239m²[38;5;165;48;5;239m²[38;5;200;48;5;239m²[38;5;91;48;5;240m²[38;5;57;48;5;239m²[38;5;99;48;5;239m²[38;5;126;48;5;239m±[38;5;211;48;5;204m°[38;5;204;48;5;204m [38;5;204;48;5;204m [38;5;204;48;5;204m [38;5;204;48;5;204m [38;5;204;48;5;204m [38;5;204;48;5;204m [38;5;204;48;5;204m [38;5;211;48;5;204m [38;5;161;48;5;132m²[38;5;57;48;5;239m²[38;5;200;48;5;239m²[38;5;161;48;5;132m±[38;5;204;48;5;204m°[38;5;204;48;5;204m [38;5;211;48;5;204m°[38;5;89;48;5;175m±[38;5;56;48;5;182m±[38;5;93;48;5;182m±[38;5;98;48;5;189m±[38;5;69;48;5;153m±[38;5;69;48;5;146m±[38;5;69;48;5;60m²[38;5;103;48;5;239m²[38;5;98;48;5;60m²[38;5;171;48;5;96m²[38;5;139;48;5;139m²[38;5;200;48;5;175m²[0m
[38;5;104;48;5;104m±[38;5;104;48;5;104m±[38;5;61;48;5;104m±[38;5;61;48;5;104m±[38;5;99;48;5;97m²[38;5;99;48;5;140m±[38;5;99;48;5;97m²[38;5;99;48;5;97m²[38;5;99;48;5;97m²[38;5;99;48;5;60m²[38;5;56;48;5;97m²[38;5;55;48;5;103m²[38;5;134;48;5;60m²[38;5;165;48;5;240m²[38;5;139;48;5;240m²[38;5;139;48;5;240m²[38;5;126;48;5;240m²[38;5;162;48;5;240m²[38;5;162;48;5;240m²[38;5;199;48;5;238m±[38;5;165;48;5;96m²[38;5;165;48;5;96m²[38;5;133;48;5;240m²[38;5;163;48;5;95m²[38;5;126;48;5;95m²[38;5;206;48;5;59m²[38;5;126;48;5;59m²[38;5;163;48;5;59m²[38;5;126;48;5;59m²[38;5;163;48;5;95m²[38;5;96;48;5;96m²[38;5;96;48;5;241m²[38;5;139;48;5;240m²[38;5;200;48;5;96m²[38;5;200;48;5;96m²[38;5;165;48;5;96m²[38;5;165;48;5;96m²[38;5;165;48;5;241m²[38;5;139;48;5;239m²[38;5;200;48;5;59m²[38;5;96;48;5;240m²[38;5;96;48;5;240m²[38;5;96;48;5;240m²[38;5;96;48;5;59m²[38;5;96;48;5;241m²[38;5;165;48;5;240m²[38;5;165;48;5;240m²[38;5;96;48;5;239m²[38;5;165;48;5;238m²[38;5;54;48;5;240m²[38;5;99;48;5;237m²[38;5;89;48;5;238m±[38;5;168;48;5;168m±[38;5;204;48;5;168m°[38;5;211;48;5;204m [38;5;211;48;5;204m [38;5;204;48;5;204m [38;5;204;48;5;204m [38;5;204;48;5;204m [38;5;204;48;5;204m [38;5;211;48;5;204m [38;5;198;48;5;238m±[38;5;99;48;5;239m²[38;5;98;48;5;238m²[38;5;165;48;5;239m²[38;5;197;48;5;132m±[38;5;211;48;5;205m [38;5;197;48;5;168m°[38;5;200;48;5;139m²[38;5;98;48;5;182m±[38;5;69;48;5;146m±[38;5;99;48;5;146m²[38;5;133;48;5;96m²[38;5;169;48;5;133m±[38;5;198;48;5;175m°[38;5;197;48;5;211m°[38;5;168;48;5;175m°[38;5;161;48;5;175m±[38;5;125;48;5;175m±[38;5;169;48;5;175m±[0m
[38;5;99;48;5;146m±[38;5;99;48;5;147m±[38;5;62;48;5;146m±[38;5;99;48;5;104m±[38;5;99;48;5;140m²[38;5;97;48;5;96m²[38;5;55;48;5;96m²[38;5;92;48;5;238m±[38;5;129;48;5;96m²[38;5;165;48;5;96m²[38;5;200;48;5;239m²[38;5;200;48;5;239m²[38;5;163;48;5;239m²[38;5;89;48;5;239m²[38;5;162;48;5;239m²[38;5;200;48;5;240m²[38;5;163;48;5;240m²[38;5;199;48;5;240m²[38;5;169;48;5;238m±[38;5;206;48;5;240m²[38;5;165;48;5;60m²[38;5;165;48;5;240m²[38;5;200;48;5;95m²[38;5;163;48;5;241m²[38;5;200;48;5;59m²[38;5;163;48;5;59m²[38;5;163;48;5;59m²[38;5;200;48;5;59m²[38;5;200;48;5;240m²[38;5;200;48;5;240m²[38;5;200;48;5;240m²[38;5;96;48;5;240m²[38;5;200;48;5;240m²[38;5;96;48;5;59m²[38;5;200;48;5;240m²[38;5;96;48;5;240m²[38;5;96;48;5;240m²[38;5;96;48;5;240m²[38;5;200;48;5;238m²[38;5;200;48;5;240m²[38;5;96;48;5;240m²[38;5;96;48;5;240m²[38;5;96;48;5;240m²[38;5;96;48;5;240m²[38;5;96;48;5;240m²[38;5;96;48;5;240m²[38;5;96;48;5;240m²[38;5;96;48;5;239m²[38;5;165;48;5;239m²[38;5;128;48;5;239m²[38;5;97;48;5;239m²[38;5;200;48;5;237m±[38;5;161;48;5;168m±[38;5;211;48;5;204m°[38;5;211;48;5;204m°[38;5;211;48;5;204m°[38;5;204;48;5;204m°[38;5;204;48;5;204m [38;5;204;48;5;204m [38;5;204;48;5;204m [38;5;211;48;5;204m°[38;5;125;48;5;238m²[38;5;60;48;5;239m²[38;5;103;48;5;238m²[38;5;60;48;5;238m²[38;5;163;48;5;238m²[38;5;198;48;5;168m±[38;5;125;48;5;132m±[38;5;165;48;5;139m²[38;5;165;48;5;182m±[38;5;169;48;5;132m±[38;5;161;48;5;175m°[38;5;204;48;5;210m°[38;5;204;48;5;204m°[38;5;211;48;5;211m°[38;5;197;48;5;211m°[38;5;161;48;5;211m°[38;5;198;48;5;175m°[38;5;169;48;5;175m±[38;5;163;48;5;175m±[0m
[38;5;56;48;5;146m±[38;5;98;48;5;146m±[38;5;99;48;5;146m±[38;5;98;48;5;97m²[38;5;56;48;5;96m²[38;5;92;48;5;60m²[38;5;134;48;5;238m±[38;5;54;48;5;60m²[38;5;165;48;5;239m²[38;5;139;48;5;239m²[38;5;126;48;5;239m²[38;5;126;48;5;239m²[38;5;200;48;5;239m²[38;5;96;48;5;239m²[38;5;165;48;5;239m²[38;5;133;48;5;238m²[38;5;139;48;5;182m²[38;5;200;48;5;242m²[38;5;163;48;5;236m²[38;5;163;48;5;240m²[38;5;165;48;5;240m²[38;5;165;48;5;59m²[38;5;200;48;5;59m²[38;5;200;48;5;240m²[38;5;96;48;5;240m²[38;5;200;48;5;240m²[38;5;96;48;5;240m²[38;5;96;48;5;240m²[38;5;96;48;5;240m²[38;5;165;48;5;240m²[38;5;200;48;5;240m²[38;5;163;48;5;240m²[38;5;163;48;5;240m²[38;5;163;48;5;240m²[38;5;163;48;5;239m²[38;5;169;48;5;239m²[38;5;169;48;5;240m²[38;5;200;48;5;239m²[38;5;96;48;5;239m²[38;5;165;48;5;240m²[38;5;200;48;5;240m²[38;5;163;48;5;240m²[38;5;163;48;5;240m²[38;5;163;48;5;240m²[38;5;163;48;5;240m²[38;5;96;48;5;240m²[38;5;96;48;5;240m²[38;5;96;48;5;240m²[38;5;165;48;5;240m²[38;5;128;48;5;240m²[38;5;128;48;5;240m²[38;5;171;48;5;238m²[38;5;162;48;5;132m²[38;5;197;48;5;204m°[38;5;168;48;5;168m°[38;5;204;48;5;168m°[38;5;204;48;5;168m°[38;5;204;48;5;168m°[38;5;204;48;5;204m°[38;5;204;48;5;204m°[38;5;211;48;5;204m°[38;5;198;48;5;240m²[38;5;56;48;5;239m²[38;5;99;48;5;239m²[38;5;68;48;5;239m²[38;5;99;48;5;238m²[38;5;162;48;5;89m±[38;5;162;48;5;132m±[38;5;169;48;5;133m±[38;5;197;48;5;168m±[38;5;204;48;5;204m°[38;5;211;48;5;211m [38;5;197;48;5;175m°[38;5;125;48;5;132m²[38;5;139;48;5;241m²[38;5;98;48;5;59m²[38;5;171;48;5;241m²[38;5;200;48;5;133m²[38;5;200;48;5;139m±[38;5;165;48;5;139m²[0m
[38;5;57;48;5;140m±[38;5;99;48;5;146m±[38;5;99;48;5;140m±[38;5;98;48;5;96m²[38;5;97;48;5;60m²[38;5;134;48;5;238m±[38;5;134;48;5;238m±[38;5;54;48;5;240m²[38;5;54;48;5;239m²[38;5;128;48;5;239m²[38;5;139;48;5;250m²[38;5;225;48;5;225m°[38;5;225;48;5;225m°[38;5;165;48;5;7m²[38;5;91;48;5;255m±[38;5;134;48;5;240m²[38;5;91;48;5;239m²[38;5;139;48;5;237m²[38;5;126;48;5;236m±[38;5;199;48;5;240m²[38;5;163;48;5;240m²[38;5;96;48;5;240m²[38;5;96;48;5;240m²[38;5;165;48;5;240m²[38;5;128;48;5;240m²[38;5;96;48;5;240m²[38;5;96;48;5;240m²[38;5;96;48;5;239m²[38;5;200;48;5;240m²[38;5;200;48;5;240m²[38;5;200;48;5;59m²[38;5;200;48;5;59m²[38;5;96;48;5;240m²[38;5;165;48;5;240m²[38;5;128;48;5;238m²[38;5;96;48;5;239m²[38;5;199;48;5;59m²[38;5;132;48;5;237m²[38;5;199;48;5;240m²[38;5;165;48;5;59m²[38;5;165;48;5;240m²[38;5;96;48;5;59m²[38;5;96;48;5;59m²[38;5;96;48;5;240m²[38;5;96;48;5;240m²[38;5;91;48;5;240m²[38;5;171;48;5;240m²[38;5;171;48;5;240m²[38;5;171;48;5;240m²[38;5;54;48;5;240m²[38;5;91;48;5;241m²[38;5;57;48;5;240m²[38;5;133;48;5;237m²[38;5;161;48;5;132m±[38;5;168;48;5;168m°[38;5;168;48;5;168m°[38;5;168;48;5;168m°[38;5;211;48;5;204m°[38;5;204;48;5;204m°[38;5;204;48;5;168m°[38;5;204;48;5;204m°[38;5;197;48;5;168m±[38;5;91;48;5;239m²[38;5;103;48;5;239m²[38;5;99;48;5;238m²[38;5;98;48;5;237m²[38;5;133;48;5;53m±[38;5;198;48;5;132m±[38;5;197;48;5;204m°[38;5;204;48;5;204m°[38;5;204;48;5;132m±[38;5;162;48;5;239m²[38;5;99;48;5;240m²[38;5;69;48;5;60m²[38;5;103;48;5;60m²[38;5;98;48;5;240m²[38;5;92;48;5;96m²[38;5;54;48;5;133m²[38;5;92;48;5;139m±[38;5;57;48;5;140m±[0m
[38;5;56;48;5;146m±[38;5;98;48;5;140m±[38;5;99;48;5;140m±[38;5;57;48;5;60m²[38;5;54;48;5;238m²[38;5;134;48;5;237m²[38;5;92;48;5;240m²[38;5;129;48;5;240m²[38;5;129;48;5;240m²[38;5;91;48;5;239m²[38;5;54;48;5;238m²[38;5;54;48;5;96m²[38;5;92;48;5;182m²[38;5;92;48;5;237m²[38;5;55;48;5;238m²[38;5;55;48;5;237m²[38;5;92;48;5;242m²[38;5;165;48;5;139m²[38;5;200;48;5;139m²[38;5;126;48;5;238m²[38;5;163;48;5;239m²[38;5;126;48;5;239m²[38;5;200;48;5;239m²[38;5;96;48;5;239m²[38;5;96;48;5;240m²[38;5;96;48;5;59m²[38;5;165;48;5;240m²[38;5;96;48;5;240m²[38;5;200;48;5;240m²[38;5;200;48;5;59m²[38;5;126;48;5;59m²[38;5;199;48;5;241m²[38;5;206;48;5;241m²[38;5;206;48;5;241m²[38;5;200;48;5;238m²[38;5;163;48;5;238m²[38;5;125;48;5;239m²[38;5;161;48;5;59m²[38;5;162;48;5;240m²[38;5;96;48;5;240m²[38;5;96;48;5;240m²[38;5;200;48;5;240m²[38;5;200;48;5;239m²[38;5;200;48;5;59m²[38;5;200;48;5;240m²[38;5;96;48;5;240m²[38;5;165;48;5;240m²[38;5;165;48;5;240m²[38;5;165;48;5;240m²[38;5;96;48;5;240m²[38;5;200;48;5;59m²[38;5;139;48;5;239m²[38;5;171;48;5;240m²[38;5;169;48;5;237m±[38;5;197;48;5;168m±[38;5;168;48;5;168m°[38;5;168;48;5;168m°[38;5;211;48;5;204m°[38;5;211;48;5;204m°[38;5;204;48;5;204m°[38;5;204;48;5;204m°[38;5;211;48;5;204m°[38;5;125;48;5;95m²[38;5;69;48;5;239m²[38;5;69;48;5;237m²[38;5;61;48;5;237m±[38;5;133;48;5;53m±[38;5;125;48;5;132m±[38;5;125;48;5;169m±[38;5;200;48;5;239m²[38;5;103;48;5;240m²[38;5;103;48;5;239m²[38;5;103;48;5;239m²[38;5;99;48;5;238m²[38;5;92;48;5;240m²[38;5;133;48;5;97m²[38;5;171;48;5;140m±[38;5;98;48;5;140m±[38;5;99;48;5;104m±[38;5;99;48;5;104m±[0m
[38;5;98;48;5;140m±[38;5;98;48;5;140m±[38;5;98;48;5;140m±[38;5;56;48;5;238m±[38;5;129;48;5;237m²[38;5;92;48;5;238m²[38;5;55;48;5;239m²[38;5;92;48;5;239m²[38;5;134;48;5;239m²[38;5;134;48;5;238m²[38;5;231;48;5;231m²[38;5;129;48;5;239m²[38;5;129;48;5;239m²[38;5;92;48;5;239m²[38;5;92;48;5;238m²[38;5;55;48;5;239m²[38;5;128;48;5;236m²[38;5;126;48;5;238m²[38;5;199;48;5;182m±[38;5;162;48;5;224m±[38;5;161;48;5;95m²[38;5;198;48;5;59m²[38;5;200;48;5;59m²[38;5;200;48;5;59m²[38;5;126;48;5;240m²[38;5;200;48;5;59m²[38;5;200;48;5;240m²[38;5;126;48;5;240m²[38;5;162;48;5;59m²[38;5;162;48;5;241m²[38;5;162;48;5;95m²[38;5;162;48;5;95m²[38;5;162;48;5;95m²[38;5;169;48;5;242m²[38;5;169;48;5;240m²[38;5;126;48;5;239m²[38;5;162;48;5;237m²[38;5;161;48;5;224m°[38;5;125;48;5;96m²[38;5;163;48;5;96m²[38;5;126;48;5;59m²[38;5;199;48;5;241m²[38;5;126;48;5;241m²[38;5;126;48;5;241m²[38;5;126;48;5;59m²[38;5;163;48;5;59m²[38;5;163;48;5;240m²[38;5;96;48;5;239m²[38;5;165;48;5;239m²[38;5;128;48;5;240m²[38;5;165;48;5;241m²[38;5;97;48;5;240m²[38;5;103;48;5;237m²[38;5;60;48;5;237m²[38;5;139;48;5;237m²[38;5;161;48;5;132m±[38;5;168;48;5;168m°[38;5;204;48;5;204m°[38;5;204;48;5;204m [38;5;204;48;5;204m°[38;5;204;48;5;204m°[38;5;204;48;5;204m [38;5;211;48;5;211m°[38;5;198;48;5;95m²[38;5;165;48;5;239m²[38;5;99;48;5;236m±[38;5;134;48;5;238m±[38;5;200;48;5;96m²[38;5;171;48;5;238m±[38;5;61;48;5;237m±[38;5;61;48;5;237m±[38;5;98;48;5;237m±[38;5;133;48;5;240m²[38;5;163;48;5;96m²[38;5;133;48;5;132m±[38;5;92;48;5;133m±[38;5;57;48;5;140m±[38;5;99;48;5;104m±[38;5;61;48;5;104m±[38;5;62;48;5;147m°[0m
[38;5;99;48;5;104m±[38;5;99;48;5;103m²[38;5;99;48;5;103m²[38;5;98;48;5;60m²[38;5;57;48;5;239m²[38;5;93;48;5;240m²[38;5;93;48;5;239m²[38;5;55;48;5;239m²[38;5;92;48;5;239m²[38;5;92;48;5;239m²[38;5;92;48;5;238m²[38;5;92;48;5;238m²[38;5;54;48;5;239m²[38;5;165;48;5;240m²[38;5;96;48;5;240m²[38;5;96;48;5;237m²[38;5;169;48;5;238m²[38;5;132;48;5;95m²[38;5;197;48;5;224m°[38;5;225;48;5;231m [38;5;204;48;5;188m±[38;5;161;48;5;241m²[38;5;163;48;5;241m²[38;5;126;48;5;241m²[38;5;162;48;5;240m²[38;5;162;48;5;95m²[38;5;162;48;5;59m²[38;5;198;48;5;95m²[38;5;161;48;5;95m²[38;5;161;48;5;95m²[38;5;161;48;5;95m²[38;5;198;48;5;96m²[38;5;132;48;5;96m²[38;5;132;48;5;96m²[38;5;132;48;5;95m²[38;5;198;48;5;239m²[38;5;197;48;5;182m±[38;5;161;48;5;255m [38;5;161;48;5;181m²[38;5;125;48;5;96m²[38;5;125;48;5;96m²[38;5;198;48;5;95m²[38;5;132;48;5;240m²[38;5;198;48;5;95m²[38;5;198;48;5;95m²[38;5;125;48;5;241m²[38;5;169;48;5;59m²[38;5;126;48;5;240m²[38;5;96;48;5;239m²[38;5;165;48;5;238m²[38;5;56;48;5;240m²[38;5;98;48;5;239m²[38;5;97;48;5;237m²[38;5;56;48;5;238m²[38;5;98;48;5;237m²[38;5;57;48;5;237m²[38;5;198;48;5;53m±[38;5;211;48;5;205m°[38;5;211;48;5;204m [38;5;211;48;5;204m [38;5;211;48;5;204m [38;5;211;48;5;204m°[38;5;132;48;5;95m±[38;5;57;48;5;239m²[38;5;26;48;5;239m²[38;5;69;48;5;238m²[38;5;99;48;5;239m²[38;5;56;48;5;60m²[38;5;97;48;5;239m±[38;5;171;48;5;96m²[38;5;200;48;5;132m±[38;5;126;48;5;132m±[38;5;169;48;5;132m±[38;5;206;48;5;132m±[38;5;128;48;5;133m²[38;5;99;48;5;103m²[38;5;104;48;5;146m±[38;5;69;48;5;153m°[38;5;69;48;5;153m°[38;5;69;48;5;153m°[0m
[38;5;61;48;5;97m²[38;5;61;48;5;61m²[38;5;61;48;5;103m²[38;5;103;48;5;60m²[38;5;99;48;5;240m²[38;5;98;48;5;239m²[38;5;98;48;5;240m²[38;5;57;48;5;239m²[38;5;57;48;5;239m²[38;5;56;48;5;239m²[38;5;98;48;5;239m²[38;5;97;48;5;238m²[38;5;91;48;5;239m²[38;5;96;48;5;239m²[38;5;126;48;5;240m²[38;5;162;48;5;240m²[38;5;132;48;5;238m²[38;5;168;48;5;218m±[38;5;224;48;5;231m [38;5;231;48;5;231m²[38;5;231;48;5;231m²[38;5;204;48;5;102m²[38;5;132;48;5;95m²[38;5;132;48;5;95m²[38;5;161;48;5;95m²[38;5;132;48;5;95m²[38;5;132;48;5;95m²[38;5;197;48;5;95m²[38;5;197;48;5;95m²[38;5;168;48;5;95m²[38;5;197;48;5;95m²[38;5;197;48;5;95m²[38;5;197;48;5;95m²[38;5;197;48;5;132m²[38;5;197;48;5;132m²[38;5;168;48;5;95m²[38;5;204;48;5;224m°[38;5;231;48;5;231m²[38;5;231;48;5;231m²[38;5;197;48;5;138m²[38;5;197;48;5;132m²[38;5;197;48;5;96m²[38;5;161;48;5;95m²[38;5;197;48;5;95m²[38;5;197;48;5;95m²[38;5;132;48;5;95m²[38;5;125;48;5;95m²[38;5;169;48;5;59m²[38;5;200;48;5;240m²[38;5;96;48;5;59m²[38;5;165;48;5;238m²[38;5;57;48;5;237m²[38;5;103;48;5;237m²[38;5;103;48;5;238m²[38;5;56;48;5;238m²[38;5;125;48;5;132m²[38;5;197;48;5;205m°[38;5;211;48;5;204m [38;5;204;48;5;210m°[38;5;204;48;5;204m [38;5;204;48;5;204m [38;5;161;48;5;175m°[38;5;133;48;5;239m²[38;5;103;48;5;239m²[38;5;97;48;5;238m²[38;5;163;48;5;237m±[38;5;54;48;5;238m²[38;5;61;48;5;237m²[38;5;61;48;5;238m²[38;5;139;48;5;96m²[38;5;206;48;5;132m²[38;5;139;48;5;96m²[38;5;56;48;5;140m²[38;5;57;48;5;183m±[38;5;99;48;5;183m±[38;5;69;48;5;153m±[38;5;27;48;5;189m [38;5;111;48;5;153m°[38;5;69;48;5;189m [38;5;62;48;5;146m±[0m
[38;5;98;48;5;97m²[38;5;99;48;5;103m²[38;5;99;48;5;103m±[38;5;99;48;5;60m²[38;5;99;48;5;59m²[38;5;60;48;5;240m²[38;5;60;48;5;239m²[38;5;60;48;5;239m²[38;5;99;48;5;239m²[38;5;99;48;5;240m²[38;5;99;48;5;240m²[38;5;57;48;5;239m²[38;5;92;48;5;238m²[38;5;165;48;5;239m²[38;5;96;48;5;239m²[38;5;206;48;5;59m²[38;5;198;48;5;240m²[38;5;161;48;5;255m [38;5;224;48;5;255m [38;5;204;48;5;138m²[38;5;204;48;5;181m±[38;5;204;48;5;181m²[38;5;204;48;5;175m²[38;5;204;48;5;95m²[38;5;204;48;5;95m²[38;5;204;48;5;95m²[38;5;168;48;5;138m²[38;5;197;48;5;132m²[38;5;168;48;5;95m²[38;5;204;48;5;95m²[38;5;204;48;5;131m²[38;5;204;48;5;132m²[38;5;168;48;5;132m²[38;5;204;48;5;132m²[38;5;204;48;5;131m²[38;5;204;48;5;138m²[38;5;209;48;5;255m [38;5;230;48;5;231m [38;5;222;48;5;231m [38;5;204;48;5;224m [38;5;204;48;5;174m²[38;5;204;48;5;132m²[38;5;204;48;5;132m²[38;5;168;48;5;132m²[38;5;161;48;5;95m²[38;5;161;48;5;95m²[38;5;197;48;5;95m²[38;5;132;48;5;95m²[38;5;125;48;5;59m²[38;5;169;48;5;240m²[38;5;163;48;5;242m²[38;5;91;48;5;240m²[38;5;92;48;5;238m²[38;5;61;48;5;238m²[38;5;55;48;5;239m²[38;5;161;48;5;175m°[38;5;211;48;5;205m [38;5;211;48;5;204m [38;5;204;48;5;204m°[38;5;204;48;5;204m°[38;5;204;48;5;204m°[38;5;161;48;5;174m±[38;5;133;48;5;239m²[38;5;176;48;5;237m±[38;5;199;48;5;96m²[38;5;132;48;5;132m±[38;5;126;48;5;53m±[38;5;99;48;5;238m²[38;5;55;48;5;237m±[38;5;126;48;5;132m²[38;5;126;48;5;132m±[38;5;91;48;5;96m²[38;5;69;48;5;146m±[38;5;69;48;5;152m±[38;5;111;48;5;189m°[38;5;26;48;5;153m [38;5;153;48;5;153m [38;5;26;48;5;153m [38;5;69;48;5;189m [38;5;99;48;5;97m²[0m
[38;5;56;48;5;103m²[38;5;57;48;5;139m²[38;5;98;48;5;97m²[38;5;99;48;5;60m²[38;5;60;48;5;60m²[38;5;103;48;5;238m²[38;5;103;48;5;240m²[38;5;99;48;5;240m²[38;5;99;48;5;240m²[38;5;99;48;5;240m²[38;5;97;48;5;240m²[38;5;54;48;5;240m²[38;5;165;48;5;239m²[38;5;200;48;5;237m²[38;5;89;48;5;239m²[38;5;125;48;5;95m²[38;5;197;48;5;95m²[38;5;204;48;5;95m²[38;5;204;48;5;132m²[38;5;204;48;5;95m²[38;5;131;48;5;138m²[38;5;204;48;5;95m±[38;5;204;48;5;95m±[38;5;204;48;5;131m±[38;5;204;48;5;131m²[38;5;204;48;5;131m±[38;5;204;48;5;218m [38;5;204;48;5;224m°[38;5;204;48;5;138m²[38;5;204;48;5;132m²[38;5;204;48;5;132m²[38;5;204;48;5;132m²[38;5;204;48;5;132m±[38;5;204;48;5;132m±[38;5;204;48;5;138m±[38;5;204;48;5;138m±[38;5;204;48;5;131m²[38;5;204;48;5;95m²[38;5;204;48;5;95m²[38;5;204;48;5;95m²[38;5;204;48;5;131m²[38;5;204;48;5;174m±[38;5;204;48;5;174m±[38;5;204;48;5;174m±[38;5;204;48;5;138m²[38;5;204;48;5;132m²[38;5;168;48;5;95m²[38;5;197;48;5;95m²[38;5;197;48;5;95m²[38;5;161;48;5;95m²[38;5;199;48;5;96m²[38;5;96;48;5;241m²[38;5;92;48;5;239m²[38;5;103;48;5;60m²[38;5;165;48;5;238m²[38;5;211;48;5;204m°[38;5;211;48;5;205m°[38;5;211;48;5;204m°[38;5;211;48;5;204m [38;5;211;48;5;204m°[38;5;204;48;5;204m°[38;5;197;48;5;205m°[38;5;198;48;5;168m±[38;5;125;48;5;132m±[38;5;198;48;5;132m±[38;5;197;48;5;205m°[38;5;161;48;5;211m°[38;5;175;48;5;169m±[38;5;198;48;5;168m±[38;5;198;48;5;132m±[38;5;162;48;5;132m±[38;5;200;48;5;133m²[38;5;56;48;5;96m²[38;5;69;48;5;147m°[38;5;25;48;5;153m [38;5;25;48;5;153m [38;5;33;48;5;153m [38;5;26;48;5;153m°[38;5;146;48;5;146m²[38;5;92;48;5;97m²[0m
[38;5;99;48;5;97m²[38;5;103;48;5;97m²[38;5;69;48;5;67m²[38;5;69;48;5;60m²[38;5;61;48;5;239m²[38;5;99;48;5;60m²[38;5;99;48;5;103m²[38;5;103;48;5;60m²[38;5;99;48;5;59m²[38;5;55;48;5;59m²[38;5;134;48;5;59m²[38;5;134;48;5;240m²[38;5;96;48;5;59m²[38;5;169;48;5;239m²[38;5;161;48;5;239m²[38;5;204;48;5;95m²[38;5;204;48;5;95m²[38;5;204;48;5;138m²[38;5;168;48;5;138m²[38;5;204;48;5;224m [38;5;204;48;5;224m [38;5;161;48;5;175m±[38;5;162;48;5;175m±[38;5;161;48;5;168m±[38;5;204;48;5;131m±[38;5;204;48;5;174m±[38;5;204;48;5;138m±[38;5;225;48;5;231m [38;5;231;48;5;231m²[38;5;204;48;5;181m±[38;5;204;48;5;138m±[38;5;204;48;5;174m±[38;5;204;48;5;174m±[38;5;204;48;5;174m±[38;5;204;48;5;168m±[38;5;204;48;5;174m±[38;5;168;48;5;181m±[38;5;197;48;5;224m [38;5;204;48;5;224m°[38;5;231;48;5;231m²[38;5;162;48;5;218m±[38;5;206;48;5;139m±[38;5;89;48;5;133m²[38;5;197;48;5;132m±[38;5;204;48;5;95m²[38;5;138;48;5;138m²[38;5;204;48;5;96m²[38;5;197;48;5;96m²[38;5;204;48;5;132m²[38;5;204;48;5;95m²[38;5;198;48;5;96m²[38;5;126;48;5;96m²[38;5;57;48;5;60m²[38;5;27;48;5;239m²[38;5;126;48;5;239m²[38;5;197;48;5;175m°[38;5;197;48;5;169m°[38;5;197;48;5;168m±[38;5;197;48;5;168m±[38;5;161;48;5;168m±[38;5;198;48;5;132m±[38;5;125;48;5;132m±[38;5;133;48;5;96m²[38;5;57;48;5;60m±[38;5;165;48;5;96m²[38;5;161;48;5;175m±[38;5;197;48;5;169m°[38;5;211;48;5;211m°[38;5;197;48;5;169m°[38;5;132;48;5;132m±[38;5;125;48;5;132m±[38;5;200;48;5;133m²[38;5;97;48;5;97m±[38;5;61;48;5;61m²[38;5;111;48;5;153m [38;5;81;48;5;159m [38;5;32;48;5;153m [38;5;104;48;5;146m±[38;5;92;48;5;103m²[38;5;165;48;5;139m²[0m
[38;5;99;48;5;97m²[38;5;99;48;5;60m²[38;5;69;48;5;67m²[38;5;69;48;5;60m²[38;5;103;48;5;60m²[38;5;99;48;5;97m²[38;5;99;48;5;103m²[38;5;103;48;5;60m²[38;5;60;48;5;60m²[38;5;57;48;5;59m²[38;5;55;48;5;59m²[38;5;97;48;5;59m²[38;5;171;48;5;241m²[38;5;162;48;5;242m²[38;5;161;48;5;239m²[38;5;161;48;5;95m²[38;5;204;48;5;95m²[38;5;198;48;5;255m [38;5;231;48;5;231m²[38;5;208;48;5;230m [38;5;173;48;5;173m±[38;5;209;48;5;167m°[38;5;209;48;5;167m°[38;5;209;48;5;167m°[38;5;209;48;5;209m°[38;5;223;48;5;223m°[38;5;166;48;5;230m [38;5;204;48;5;145m²[38;5;230;48;5;231m [38;5;230;48;5;231m [38;5;231;48;5;231m²[38;5;204;48;5;181m±[38;5;204;48;5;174m±[38;5;204;48;5;174m±[38;5;204;48;5;174m±[38;5;204;48;5;217m°[38;5;204;48;5;224m [38;5;167;48;5;217m°[38;5;209;48;5;166m±[38;5;167;48;5;167m°[38;5;204;48;5;167m±[38;5;204;48;5;174m±[38;5;204;48;5;168m±[38;5;167;48;5;167m±[38;5;209;48;5;203m°[38;5;209;48;5;88m°[38;5;204;48;5;95m±[38;5;161;48;5;95m²[38;5;204;48;5;95m²[38;5;204;48;5;175m²[38;5;168;48;5;96m²[38;5;198;48;5;132m²[38;5;92;48;5;241m²[38;5;99;48;5;237m²[38;5;91;48;5;238m²[38;5;125;48;5;132m²[38;5;125;48;5;132m±[38;5;199;48;5;133m±[38;5;165;48;5;133m±[38;5;56;48;5;97m²[38;5;99;48;5;60m²[38;5;99;48;5;239m²[38;5;61;48;5;237m±[38;5;69;48;5;239m±[38;5;103;48;5;60m²[38;5;128;48;5;240m²[38;5;126;48;5;132m²[38;5;125;48;5;175m±[38;5;198;48;5;175m±[38;5;162;48;5;132m±[38;5;169;48;5;132m±[38;5;133;48;5;133m²[38;5;57;48;5;104m±[38;5;61;48;5;61m±[38;5;27;48;5;67m±[38;5;26;48;5;189m [38;5;62;48;5;183m°[38;5;91;48;5;139m²[38;5;200;48;5;139m²[38;5;200;48;5;139m²[0m
[38;5;57;48;5;97m²[38;5;99;48;5;97m²[38;5;103;48;5;103m²[38;5;103;48;5;60m²[38;5;99;48;5;97m²[38;5;99;48;5;61m²[38;5;103;48;5;60m²[38;5;103;48;5;60m²[38;5;103;48;5;239m²[38;5;99;48;5;240m²[38;5;98;48;5;240m²[38;5;99;48;5;240m²[38;5;97;48;5;240m²[38;5;206;48;5;242m²[38;5;132;48;5;96m²[38;5;204;48;5;95m²[38;5;204;48;5;95m²[38;5;211;48;5;255m [38;5;231;48;5;231m²[38;5;231;48;5;231m²[38;5;173;48;5;174m±[38;5;209;48;5;216m [38;5;166;48;5;215m [38;5;216;48;5;209m [38;5;216;48;5;209m°[38;5;130;48;5;222m°[38;5;230;48;5;231m [38;5;231;48;5;231m²[38;5;231;48;5;231m²[38;5;231;48;5;231m²[38;5;231;48;5;231m²[38;5;231;48;5;231m²[38;5;231;48;5;231m²[38;5;230;48;5;231m [38;5;204;48;5;181m±[38;5;181;48;5;174m±[38;5;231;48;5;231m²[38;5;130;48;5;231m [38;5;209;48;5;167m±[38;5;216;48;5;209m°[38;5;166;48;5;216m [38;5;209;48;5;203m°[38;5;209;48;5;203m°[38;5;202;48;5;173m°[38;5;166;48;5;216m [38;5;216;48;5;209m°[38;5;209;48;5;180m±[38;5;161;48;5;181m²[38;5;161;48;5;95m²[38;5;168;48;5;95m²[38;5;204;48;5;132m²[38;5;161;48;5;102m²[38;5;55;48;5;60m²[38;5;99;48;5;238m±[38;5;61;48;5;239m²[38;5;61;48;5;60m²[38;5;69;48;5;60m²[38;5;69;48;5;60m²[38;5;69;48;5;60m²[38;5;61;48;5;60m²[38;5;104;48;5;237m±[38;5;99;48;5;236m²[38;5;57;48;5;236m²[38;5;99;48;5;238m±[38;5;103;48;5;60m²[38;5;69;48;5;60m±[38;5;69;48;5;60m²[38;5;103;48;5;60m²[38;5;99;48;5;60m²[38;5;99;48;5;240m²[38;5;99;48;5;238m±[38;5;61;48;5;239m±[38;5;61;48;5;61m²[38;5;69;48;5;68m±[38;5;69;48;5;61m±[38;5;69;48;5;61m±[38;5;61;48;5;61m²[38;5;134;48;5;139m±[38;5;200;48;5;133m²[38;5;139;48;5;139m²[0m
[38;5;55;48;5;96m²[38;5;98;48;5;97m²[38;5;103;48;5;103m²[38;5;103;48;5;61m²[38;5;57;48;5;96m²[38;5;97;48;5;97m²[38;5;61;48;5;60m²[38;5;69;48;5;61m²[38;5;103;48;5;240m²[38;5;60;48;5;239m²[38;5;69;48;5;240m²[38;5;60;48;5;239m²[38;5;92;48;5;239m²[38;5;126;48;5;240m²[38;5;198;48;5;95m²[38;5;168;48;5;95m²[38;5;204;48;5;95m²[38;5;95;48;5;138m²[38;5;231;48;5;231m²[38;5;231;48;5;231m²[38;5;230;48;5;231m [38;5;94;48;5;223m°[38;5;229;48;5;229m [38;5;220;48;5;228m [38;5;220;48;5;229m [38;5;221;48;5;230m [38;5;230;48;5;231m [38;5;230;48;5;231m [38;5;231;48;5;231m²[38;5;231;48;5;231m²[38;5;230;48;5;231m [38;5;230;48;5;231m [38;5;230;48;5;231m [38;5;230;48;5;231m [38;5;231;48;5;231m²[38;5;230;48;5;231m [38;5;231;48;5;231m²[38;5;230;48;5;231m [38;5;166;48;5;223m [38;5;130;48;5;222m [38;5;172;48;5;222m [38;5;215;48;5;216m [38;5;130;48;5;216m [38;5;172;48;5;222m [38;5;94;48;5;223m [38;5;208;48;5;223m [38;5;230;48;5;231m [38;5;231;48;5;231m²[38;5;204;48;5;96m²[38;5;204;48;5;132m±[38;5;204;48;5;138m²[38;5;197;48;5;132m²[38;5;200;48;5;96m²[38;5;98;48;5;239m²[38;5;61;48;5;239m²[38;5;61;48;5;60m²[38;5;61;48;5;60m²[38;5;61;48;5;239m²[38;5;99;48;5;239m²[38;5;99;48;5;237m²[38;5;99;48;5;236m²[38;5;103;48;5;236m²[38;5;103;48;5;236m²[38;5;69;48;5;238m²[38;5;69;48;5;60m²[38;5;61;48;5;61m²[38;5;61;48;5;61m²[38;5;61;48;5;61m²[38;5;69;48;5;61m²[38;5;69;48;5;60m²[38;5;69;48;5;60m±[38;5;69;48;5;60m±[38;5;69;48;5;60m±[38;5;69;48;5;68m±[38;5;69;48;5;61m±[38;5;68;48;5;61m±[38;5;69;48;5;61m±[38;5;61;48;5;61m²[38;5;98;48;5;97m²[38;5;54;48;5;97m²[0m
[38;5;55;48;5;96m²[38;5;93;48;5;96m²[38;5;93;48;5;96m²[38;5;97;48;5;96m²[38;5;93;48;5;103m²[38;5;55;48;5;103m²[38;5;103;48;5;239m²[38;5;69;48;5;60m²[38;5;103;48;5;60m²[38;5;99;48;5;240m²[38;5;99;48;5;238m²[38;5;98;48;5;238m²[38;5;92;48;5;238m²[38;5;96;48;5;240m²[38;5;126;48;5;241m²[38;5;132;48;5;96m²[38;5;168;48;5;95m²[38;5;204;48;5;131m²[38;5;204;48;5;138m²[38;5;204;48;5;255m [38;5;209;48;5;255m [38;5;178;48;5;230m [38;5;221;48;5;230m [38;5;220;48;5;230m [38;5;136;48;5;230m [38;5;230;48;5;231m [38;5;231;48;5;231m²[38;5;231;48;5;231m²[38;5;202;48;5;231m [38;5;136;48;5;231m [38;5;230;48;5;231m [38;5;230;48;5;231m [38;5;230;48;5;231m [38;5;230;48;5;231m [38;5;230;48;5;231m [38;5;230;48;5;231m [38;5;231;48;5;231m²[38;5;230;48;5;231m [38;5;230;48;5;230m [38;5;220;48;5;229m [38;5;229;48;5;229m [38;5;229;48;5;229m [38;5;229;48;5;229m [38;5;229;48;5;229m [38;5;229;48;5;229m [38;5;230;48;5;230m [38;5;230;48;5;231m [38;5;231;48;5;231m²[38;5;204;48;5;181m±[38;5;204;48;5;138m±[38;5;204;48;5;132m²[38;5;204;48;5;132m²[38;5;198;48;5;95m²[38;5;126;48;5;241m²[38;5;128;48;5;240m²[38;5;92;48;5;239m²[38;5;97;48;5;238m²[38;5;98;48;5;238m²[38;5;99;48;5;238m²[38;5;103;48;5;236m²[38;5;99;48;5;237m²[38;5;103;48;5;238m²[38;5;61;48;5;237m²[38;5;61;48;5;237m±[38;5;69;48;5;60m²[38;5;69;48;5;60m²[38;5;69;48;5;60m²[38;5;103;48;5;61m²[38;5;69;48;5;61m²[38;5;69;48;5;153m [38;5;68;48;5;147m°[38;5;68;48;5;60m±[38;5;68;48;5;24m±[38;5;69;48;5;60m±[38;5;69;48;5;60m±[38;5;69;48;5;61m±[38;5;69;48;5;61m±[38;5;69;48;5;61m±[38;5;69;48;5;61m±[38;5;61;48;5;61m²[0m
[38;5;92;48;5;97m²[38;5;56;48;5;97m²[38;5;55;48;5;103m²[38;5;165;48;5;96m²[38;5;92;48;5;96m²[38;5;57;48;5;103m²[38;5;99;48;5;60m²[38;5;103;48;5;60m²[38;5;103;48;5;240m²[38;5;60;48;5;239m²[38;5;99;48;5;60m²[38;5;99;48;5;238m²[38;5;99;48;5;239m²[38;5;92;48;5;239m²[38;5;169;48;5;239m²[38;5;132;48;5;240m²[38;5;161;48;5;95m²[38;5;204;48;5;95m²[38;5;204;48;5;224m [38;5;204;48;5;255m [38;5;209;48;5;224m [38;5;209;48;5;224m [38;5;209;48;5;224m [38;5;224;48;5;224m [38;5;224;48;5;224m [38;5;224;48;5;255m [38;5;204;48;5;255m [38;5;204;48;5;255m [38;5;224;48;5;231m [38;5;216;48;5;231m [38;5;178;48;5;231m [38;5;94;48;5;231m [38;5;223;48;5;231m [38;5;130;48;5;231m [38;5;178;48;5;231m [38;5;214;48;5;231m [38;5;94;48;5;255m [38;5;216;48;5;255m [38;5;209;48;5;255m [38;5;209;48;5;255m [38;5;223;48;5;224m [38;5;130;48;5;224m [38;5;130;48;5;223m [38;5;130;48;5;224m [38;5;130;48;5;255m [38;5;221;48;5;231m [38;5;204;48;5;231m [38;5;204;48;5;175m±[38;5;204;48;5;174m±[38;5;204;48;5;132m²[38;5;204;48;5;132m²[38;5;204;48;5;95m²[38;5;168;48;5;95m²[38;5;161;48;5;95m²[38;5;125;48;5;95m²[38;5;200;48;5;240m²[38;5;165;48;5;238m²[38;5;55;48;5;237m²[38;5;99;48;5;237m²[38;5;103;48;5;237m²[38;5;103;48;5;237m²[38;5;103;48;5;237m²[38;5;103;48;5;238m²[38;5;61;48;5;238m²[38;5;61;48;5;60m²[38;5;61;48;5;60m²[38;5;61;48;5;60m²[38;5;69;48;5;239m±[38;5;69;48;5;61m²[38;5;69;48;5;61m²[38;5;69;48;5;153m [38;5;61;48;5;103m²[38;5;103;48;5;61m²[38;5;69;48;5;61m²[38;5;69;48;5;60m±[38;5;69;48;5;60m±[38;5;69;48;5;60m±[38;5;27;48;5;60m±[38;5;27;48;5;60m±[38;5;68;48;5;60m±[0m
[38;5;96;48;5;245m²[38;5;92;48;5;103m²[38;5;96;48;5;245m²[38;5;204;48;5;138m²[38;5;174;48;5;181m±[38;5;200;48;5;244m²[38;5;99;48;5;60m²[38;5;103;48;5;60m²[38;5;103;48;5;240m²[38;5;60;48;5;240m²[38;5;56;48;5;60m²[38;5;99;48;5;239m²[38;5;103;48;5;240m²[38;5;57;48;5;240m²[38;5;96;48;5;240m²[38;5;206;48;5;240m²[38;5;125;48;5;96m²[38;5;161;48;5;132m²[38;5;204;48;5;95m²[38;5;204;48;5;255m [38;5;224;48;5;255m [38;5;224;48;5;255m [38;5;209;48;5;255m [38;5;224;48;5;255m [38;5;224;48;5;255m [38;5;224;48;5;255m [38;5;209;48;5;255m [38;5;209;48;5;231m [38;5;172;48;5;231m [38;5;230;48;5;231m [38;5;230;48;5;231m [38;5;178;48;5;231m [38;5;172;48;5;231m [38;5;216;48;5;231m [38;5;209;48;5;231m [38;5;216;48;5;255m [38;5;209;48;5;255m [38;5;224;48;5;255m [38;5;224;48;5;255m [38;5;204;48;5;255m [38;5;209;48;5;255m [38;5;209;48;5;224m [38;5;224;48;5;224m [38;5;204;48;5;224m [38;5;204;48;5;224m [38;5;204;48;5;224m [38;5;204;48;5;174m±[38;5;204;48;5;174m±[38;5;204;48;5;132m±[38;5;204;48;5;131m²[38;5;204;48;5;95m²[38;5;168;48;5;95m²[38;5;197;48;5;95m²[38;5;125;48;5;59m²[38;5;89;48;5;240m²[38;5;200;48;5;59m²[38;5;96;48;5;238m²[38;5;92;48;5;237m²[38;5;98;48;5;237m²[38;5;99;48;5;237m²[38;5;99;48;5;237m²[38;5;103;48;5;237m²[38;5;103;48;5;237m²[38;5;61;48;5;238m²[38;5;61;48;5;60m²[38;5;61;48;5;60m²[38;5;61;48;5;60m²[38;5;69;48;5;60m²[38;5;69;48;5;239m²[38;5;69;48;5;60m²[38;5;99;48;5;61m²[38;5;92;48;5;97m²[38;5;55;48;5;97m²[38;5;61;48;5;103m²[38;5;69;48;5;60m±[38;5;69;48;5;240m²[38;5;69;48;5;240m²[38;5;69;48;5;60m²[38;5;69;48;5;60m²[38;5;69;48;5;60m²[0m
[38;5;126;48;5;138m²[38;5;165;48;5;139m²[38;5;163;48;5;139m²[38;5;209;48;5;138m²[38;5;220;48;5;230m [38;5;229;48;5;229m [38;5;220;48;5;230m [38;5;69;48;5;242m²[38;5;99;48;5;60m²[38;5;93;48;5;103m²[38;5;92;48;5;103m²[38;5;99;48;5;60m²[38;5;103;48;5;60m²[38;5;99;48;5;60m²[38;5;97;48;5;241m²[38;5;92;48;5;239m²[38;5;96;48;5;242m²[38;5;162;48;5;96m²[38;5;161;48;5;96m²[38;5;168;48;5;95m²[38;5;126;48;5;231m [38;5;204;48;5;231m [38;5;230;48;5;231m [38;5;221;48;5;231m [38;5;230;48;5;231m [38;5;178;48;5;231m [38;5;221;48;5;231m [38;5;209;48;5;255m [38;5;224;48;5;224m [38;5;204;48;5;255m [38;5;204;48;5;255m [38;5;224;48;5;231m [38;5;216;48;5;231m [38;5;230;48;5;231m [38;5;172;48;5;231m [38;5;209;48;5;231m [38;5;209;48;5;231m [38;5;209;48;5;231m [38;5;166;48;5;255m [38;5;216;48;5;255m [38;5;202;48;5;255m [38;5;224;48;5;255m [38;5;204;48;5;224m°[38;5;204;48;5;181m±[38;5;167;48;5;217m±[38;5;224;48;5;224m [38;5;224;48;5;255m [38;5;224;48;5;231m [38;5;204;48;5;255m [38;5;204;48;5;224m [38;5;218;48;5;224m [38;5;218;48;5;224m [38;5;161;48;5;132m²[38;5;169;48;5;224m±[38;5;206;48;5;96m²[38;5;89;48;5;96m²[38;5;89;48;5;241m²[38;5;165;48;5;238m²[38;5;134;48;5;237m²[38;5;57;48;5;237m²[38;5;98;48;5;237m²[38;5;98;48;5;238m²[38;5;99;48;5;237m²[38;5;60;48;5;238m²[38;5;69;48;5;238m²[38;5;103;48;5;60m²[38;5;103;48;5;240m²[38;5;103;48;5;240m²[38;5;69;48;5;239m²[38;5;69;48;5;240m²[38;5;103;48;5;60m²[38;5;92;48;5;96m²[38;5;165;48;5;96m²[38;5;99;48;5;60m²[38;5;69;48;5;60m²[38;5;33;48;5;240m²[38;5;33;48;5;240m²[38;5;68;48;5;240m²[38;5;69;48;5;60m²[38;5;27;48;5;239m²[0m
[38;5;139;48;5;139m²[38;5;96;48;5;139m²[38;5;125;48;5;138m²[38;5;204;48;5;138m²[38;5;209;48;5;138m²[38;5;172;48;5;187m±[38;5;216;48;5;224m [38;5;165;48;5;242m²[38;5;57;48;5;243m²[38;5;198;48;5;138m²[38;5;126;48;5;139m²[38;5;57;48;5;96m²[38;5;103;48;5;60m²[38;5;99;48;5;60m²[38;5;98;48;5;60m²[38;5;57;48;5;239m²[38;5;54;48;5;241m²[38;5;200;48;5;96m²[38;5;198;48;5;96m²[38;5;161;48;5;95m²[38;5;161;48;5;132m²[38;5;132;48;5;138m²[38;5;225;48;5;231m [38;5;231;48;5;231m²[38;5;230;48;5;231m [38;5;230;48;5;231m [38;5;230;48;5;231m [38;5;230;48;5;231m [38;5;204;48;5;255m [38;5;204;48;5;217m°[38;5;204;48;5;224m [38;5;204;48;5;224m [38;5;204;48;5;224m [38;5;204;48;5;224m [38;5;204;48;5;224m [38;5;204;48;5;224m [38;5;230;48;5;231m [38;5;230;48;5;231m [38;5;230;48;5;231m [38;5;221;48;5;231m [38;5;230;48;5;231m [38;5;223;48;5;231m [38;5;221;48;5;231m [38;5;216;48;5;231m [38;5;223;48;5;231m [38;5;223;48;5;231m [38;5;216;48;5;231m [38;5;204;48;5;224m [38;5;211;48;5;224m [38;5;161;48;5;224m [38;5;204;48;5;224m [38;5;168;48;5;139m²[38;5;168;48;5;181m±[38;5;161;48;5;224m°[38;5;132;48;5;96m²[38;5;199;48;5;243m²[38;5;96;48;5;242m²[38;5;171;48;5;241m²[38;5;93;48;5;237m²[38;5;98;48;5;239m²[38;5;99;48;5;237m²[38;5;99;48;5;239m²[38;5;99;48;5;237m²[38;5;99;48;5;238m²[38;5;99;48;5;238m²[38;5;60;48;5;238m²[38;5;60;48;5;59m²[38;5;60;48;5;240m²[38;5;69;48;5;239m²[38;5;69;48;5;238m²[38;5;69;48;5;239m²[38;5;60;48;5;59m²[38;5;99;48;5;60m²[38;5;99;48;5;61m²[38;5;69;48;5;60m²[38;5;67;48;5;60m²[38;5;69;48;5;240m²[38;5;163;48;5;96m²[38;5;125;48;5;175m±[38;5;199;48;5;132m²[0m
[38;5;198;48;5;139m²[38;5;162;48;5;139m²[38;5;89;48;5;139m²[38;5;206;48;5;139m²[38;5;200;48;5;139m²[38;5;92;48;5;103m²[38;5;99;48;5;244m²[38;5;98;48;5;102m²[38;5;161;48;5;138m²[38;5;216;48;5;224m [38;5;204;48;5;174m²[38;5;165;48;5;96m²[38;5;99;48;5;60m²[38;5;98;48;5;97m²[38;5;98;48;5;60m²[38;5;99;48;5;60m²[38;5;98;48;5;60m²[38;5;54;48;5;241m²[38;5;200;48;5;242m²[38;5;169;48;5;95m²[38;5;125;48;5;95m²[38;5;198;48;5;132m²[38;5;168;48;5;138m²[38;5;204;48;5;138m²[38;5;230;48;5;231m [38;5;231;48;5;231m²[38;5;230;48;5;231m [38;5;231;48;5;231m²[38;5;231;48;5;231m²[38;5;231;48;5;231m²[38;5;224;48;5;224m [38;5;209;48;5;255m [38;5;209;48;5;255m [38;5;230;48;5;231m [38;5;230;48;5;231m [38;5;230;48;5;231m [38;5;230;48;5;231m [38;5;230;48;5;231m [38;5;230;48;5;231m [38;5;230;48;5;231m [38;5;230;48;5;231m [38;5;178;48;5;231m [38;5;221;48;5;231m [38;5;216;48;5;231m [38;5;209;48;5;255m [38;5;204;48;5;224m [38;5;204;48;5;224m [38;5;204;48;5;218m [38;5;161;48;5;224m [38;5;218;48;5;224m [38;5;161;48;5;218m±[38;5;132;48;5;138m²[38;5;125;48;5;224m [38;5;199;48;5;181m²[38;5;200;48;5;96m²[38;5;200;48;5;242m²[38;5;96;48;5;241m²[38;5;91;48;5;241m²[38;5;97;48;5;240m²[38;5;98;48;5;238m²[38;5;99;48;5;237m²[38;5;99;48;5;238m²[38;5;103;48;5;237m²[38;5;99;48;5;237m²[38;5;99;48;5;238m²[38;5;99;48;5;239m²[38;5;99;48;5;239m²[38;5;60;48;5;240m²[38;5;69;48;5;59m²[38;5;69;48;5;241m²[38;5;69;48;5;239m²[38;5;68;48;5;238m²[38;5;69;48;5;239m²[38;5;69;48;5;60m²[38;5;68;48;5;240m²[38;5;68;48;5;60m²[38;5;103;48;5;240m²[38;5;91;48;5;240m²[38;5;200;48;5;245m²[38;5;56;48;5;60m²[0m
[38;5;125;48;5;139m²[38;5;125;48;5;139m²[38;5;199;48;5;139m²[38;5;206;48;5;139m²[38;5;163;48;5;139m²[38;5;56;48;5;96m²[38;5;26;48;5;66m²[38;5;56;48;5;245m²[38;5;161;48;5;139m²[38;5;168;48;5;139m²[38;5;161;48;5;139m²[38;5;200;48;5;139m²[38;5;92;48;5;96m²[38;5;97;48;5;96m²[38;5;56;48;5;96m²[38;5;99;48;5;96m²[38;5;99;48;5;60m²[38;5;97;48;5;242m²[38;5;165;48;5;241m²[38;5;96;48;5;240m²[38;5;126;48;5;241m²[38;5;162;48;5;95m²[38;5;132;48;5;95m²[38;5;161;48;5;132m²[38;5;161;48;5;96m²[38;5;197;48;5;138m²[38;5;89;48;5;231m [38;5;231;48;5;231m²[38;5;230;48;5;231m [38;5;231;48;5;231m²[38;5;230;48;5;231m [38;5;230;48;5;231m [38;5;230;48;5;231m [38;5;230;48;5;231m [38;5;230;48;5;231m [38;5;231;48;5;231m²[38;5;230;48;5;231m [38;5;231;48;5;231m²[38;5;230;48;5;231m [38;5;231;48;5;231m²[38;5;224;48;5;255m [38;5;204;48;5;224m [38;5;204;48;5;218m°[38;5;204;48;5;217m°[38;5;204;48;5;224m [38;5;197;48;5;224m [38;5;197;48;5;224m [38;5;211;48;5;218m [38;5;197;48;5;224m [38;5;161;48;5;224m [38;5;175;48;5;182m±[38;5;169;48;5;138m²[38;5;200;48;5;182m±[38;5;165;48;5;96m²[38;5;165;48;5;241m²[38;5;96;48;5;59m²[38;5;96;48;5;241m²[38;5;128;48;5;59m²[38;5;92;48;5;59m²[38;5;55;48;5;59m²[38;5;99;48;5;239m²[38;5;99;48;5;237m²[38;5;60;48;5;238m²[38;5;99;48;5;237m²[38;5;99;48;5;237m²[38;5;99;48;5;238m²[38;5;99;48;5;238m²[38;5;99;48;5;238m²[38;5;99;48;5;239m²[38;5;60;48;5;241m²[38;5;60;48;5;60m²[38;5;60;48;5;59m²[38;5;69;48;5;60m²[38;5;69;48;5;239m²[38;5;103;48;5;240m²[38;5;103;48;5;240m²[38;5;69;48;5;59m²[38;5;99;48;5;240m²[38;5;171;48;5;239m²[38;5;139;48;5;96m²[0m
[38;5;161;48;5;175m²[38;5;161;48;5;175m²[38;5;132;48;5;139m²[38;5;125;48;5;139m²[38;5;169;48;5;139m²[38;5;165;48;5;139m²[38;5;68;48;5;103m²[38;5;128;48;5;139m²[38;5;168;48;5;175m±[38;5;204;48;5;175m±[38;5;204;48;5;138m²[38;5;204;48;5;138m²[38;5;161;48;5;139m²[38;5;165;48;5;96m²[38;5;98;48;5;60m²[38;5;60;48;5;60m²[38;5;60;48;5;60m²[38;5;99;48;5;60m²[38;5;92;48;5;241m²[38;5;54;48;5;240m²[38;5;96;48;5;240m²[38;5;200;48;5;59m²[38;5;206;48;5;95m²[38;5;199;48;5;95m²[38;5;169;48;5;95m²[38;5;200;48;5;96m²[38;5;126;48;5;139m²[38;5;132;48;5;138m²[38;5;204;48;5;224m°[38;5;225;48;5;231m [38;5;231;48;5;231m²[38;5;231;48;5;231m²[38;5;231;48;5;231m²[38;5;225;48;5;231m [38;5;225;48;5;231m [38;5;126;48;5;231m [38;5;204;48;5;224m [38;5;204;48;5;181m±[38;5;204;48;5;175m±[38;5;204;48;5;224m [38;5;204;48;5;224m [38;5;204;48;5;224m [38;5;211;48;5;224m [38;5;161;48;5;224m [38;5;175;48;5;182m±[38;5;162;48;5;182m±[38;5;162;48;5;182m±[38;5;198;48;5;224m°[38;5;169;48;5;182m±[38;5;96;48;5;96m²[38;5;96;48;5;96m²[38;5;165;48;5;59m²[38;5;128;48;5;59m²[38;5;91;48;5;240m²[38;5;91;48;5;240m²[38;5;96;48;5;240m²[38;5;165;48;5;240m²[38;5;55;48;5;240m²[38;5;57;48;5;59m²[38;5;99;48;5;59m²[38;5;99;48;5;240m²[38;5;99;48;5;240m²[38;5;99;48;5;238m²[38;5;99;48;5;237m²[38;5;99;48;5;237m²[38;5;99;48;5;237m²[38;5;99;48;5;239m²[38;5;99;48;5;239m²[38;5;99;48;5;239m²[38;5;99;48;5;239m²[38;5;57;48;5;239m²[38;5;99;48;5;59m²[38;5;69;48;5;59m²[38;5;69;48;5;60m²[38;5;99;48;5;60m²[38;5;171;48;5;59m²[38;5;125;48;5;139m²[38;5;161;48;5;175m±[38;5;169;48;5;132m±[38;5;206;48;5;132m²[0m
[38;5;204;48;5;175m±[38;5;204;48;5;175m²[38;5;168;48;5;175m²[38;5;197;48;5;139m²[38;5;197;48;5;181m±[38;5;169;48;5;175m²[38;5;60;48;5;103m²[38;5;126;48;5;139m²[38;5;204;48;5;181m±[38;5;204;48;5;181m±[38;5;204;48;5;181m±[38;5;204;48;5;175m±[38;5;204;48;5;175m±[38;5;125;48;5;139m²[38;5;99;48;5;244m²[38;5;69;48;5;67m²[38;5;69;48;5;60m²[38;5;60;48;5;59m²[38;5;99;48;5;59m²[38;5;57;48;5;60m²[38;5;55;48;5;240m²[38;5;134;48;5;239m²[38;5;128;48;5;240m²[38;5;96;48;5;59m²[38;5;96;48;5;59m²[38;5;200;48;5;59m²[38;5;96;48;5;96m²[38;5;165;48;5;96m²[38;5;165;48;5;96m²[38;5;96;48;5;246m²[38;5;206;48;5;102m²[38;5;199;48;5;96m²[38;5;169;48;5;96m²[38;5;162;48;5;96m²[38;5;162;48;5;96m²[38;5;162;48;5;96m²[38;5;163;48;5;96m²[38;5;165;48;5;96m²[38;5;163;48;5;96m²[38;5;168;48;5;95m²[38;5;197;48;5;224m [38;5;211;48;5;218m°[38;5;197;48;5;181m±[38;5;132;48;5;96m²[38;5;125;48;5;96m²[38;5;200;48;5;96m²[38;5;163;48;5;96m²[38;5;162;48;5;95m²[38;5;206;48;5;95m²[38;5;96;48;5;241m²[38;5;55;48;5;60m²[38;5;56;48;5;60m²[38;5;56;48;5;60m²[38;5;55;48;5;241m²[38;5;165;48;5;240m²[38;5;128;48;5;240m²[38;5;97;48;5;240m²[38;5;99;48;5;240m²[38;5;99;48;5;240m²[38;5;99;48;5;240m²[38;5;99;48;5;240m²[38;5;99;48;5;240m²[38;5;99;48;5;240m²[38;5;99;48;5;238m²[38;5;99;48;5;237m²[38;5;99;48;5;237m²[38;5;99;48;5;237m²[38;5;99;48;5;238m²[38;5;99;48;5;239m²[38;5;99;48;5;239m²[38;5;99;48;5;238m²[38;5;69;48;5;239m²[38;5;27;48;5;239m²[38;5;98;48;5;60m²[38;5;165;48;5;96m²[38;5;199;48;5;175m±[38;5;162;48;5;139m²[38;5;97;48;5;239m²[38;5;69;48;5;240m²[38;5;27;48;5;239m²[0m
[38;5;168;48;5;139m²[38;5;204;48;5;175m²[38;5;204;48;5;175m²[38;5;204;48;5;181m±[38;5;204;48;5;181m±[38;5;132;48;5;181m²[38;5;92;48;5;103m²[38;5;139;48;5;139m²[38;5;204;48;5;181m±[38;5;204;48;5;181m±[38;5;204;48;5;181m±[38;5;204;48;5;175m±[38;5;204;48;5;175m±[38;5;128;48;5;102m²[38;5;69;48;5;67m²[38;5;69;48;5;61m²[38;5;103;48;5;240m²[38;5;98;48;5;240m²[38;5;60;48;5;60m²[38;5;99;48;5;60m²[38;5;92;48;5;242m²[38;5;54;48;5;239m²[38;5;91;48;5;238m²[38;5;200;48;5;239m²[38;5;200;48;5;240m²[38;5;200;48;5;240m²[38;5;200;48;5;239m²[38;5;96;48;5;239m²[38;5;165;48;5;240m²[38;5;171;48;5;59m²[38;5;134;48;5;241m²[38;5;54;48;5;60m²[38;5;165;48;5;96m²[38;5;165;48;5;96m²[38;5;54;48;5;96m²[38;5;128;48;5;96m²[38;5;128;48;5;96m²[38;5;91;48;5;96m²[38;5;165;48;5;96m²[38;5;139;48;5;241m²[38;5;206;48;5;96m²[38;5;169;48;5;96m²[38;5;125;48;5;95m²[38;5;132;48;5;95m²[38;5;198;48;5;95m²[38;5;199;48;5;95m²[38;5;169;48;5;241m²[38;5;125;48;5;59m²[38;5;89;48;5;59m²[38;5;96;48;5;59m²[38;5;55;48;5;59m²[38;5;99;48;5;60m²[38;5;99;48;5;60m²[38;5;98;48;5;59m²[38;5;163;48;5;59m²[38;5;55;48;5;59m²[38;5;99;48;5;240m²[38;5;99;48;5;240m²[38;5;99;48;5;240m²[38;5;98;48;5;240m²[38;5;99;48;5;240m²[38;5;99;48;5;240m²[38;5;99;48;5;240m²[38;5;99;48;5;59m²[38;5;99;48;5;238m²[38;5;99;48;5;237m²[38;5;103;48;5;237m²[38;5;103;48;5;237m²[38;5;99;48;5;239m²[38;5;99;48;5;240m²[38;5;60;48;5;239m²[38;5;60;48;5;239m²[38;5;60;48;5;239m²[38;5;103;48;5;239m²[38;5;61;48;5;60m²[38;5;103;48;5;60m²[38;5;61;48;5;239m²[38;5;69;48;5;60m²[38;5;68;48;5;60m±[38;5;68;48;5;60m±[0m
[38;5;204;48;5;175m±[38;5;204;48;5;181m±[38;5;204;48;5;175m±[38;5;204;48;5;181m±[38;5;204;48;5;181m±[38;5;204;48;5;181m±[38;5;200;48;5;246m²[38;5;92;48;5;102m²[38;5;168;48;5;181m±[38;5;204;48;5;181m±[38;5;204;48;5;175m±[38;5;168;48;5;175m±[38;5;96;48;5;245m²[38;5;69;48;5;103m²[38;5;27;48;5;67m²[38;5;99;48;5;60m²[38;5;96;48;5;246m²[38;5;96;48;5;241m²[38;5;99;48;5;60m²[38;5;60;48;5;239m²[38;5;99;48;5;241m²[38;5;99;48;5;241m²[38;5;57;48;5;240m²[38;5;93;48;5;238m²[38;5;129;48;5;238m²[38;5;54;48;5;239m²[38;5;171;48;5;239m²[38;5;128;48;5;240m²[38;5;96;48;5;239m²[38;5;96;48;5;239m²[38;5;162;48;5;240m²[38;5;169;48;5;239m²[38;5;163;48;5;241m²[38;5;165;48;5;240m²[38;5;55;48;5;59m²[38;5;97;48;5;60m²[38;5;98;48;5;60m²[38;5;103;48;5;60m²[38;5;61;48;5;61m²[38;5;103;48;5;61m²[38;5;99;48;5;60m²[38;5;91;48;5;242m²[38;5;96;48;5;241m²[38;5;126;48;5;241m²[38;5;126;48;5;241m²[38;5;96;48;5;59m²[38;5;165;48;5;59m²[38;5;128;48;5;240m²[38;5;97;48;5;240m²[38;5;99;48;5;240m²[38;5;99;48;5;60m²[38;5;99;48;5;60m²[38;5;61;48;5;60m²[38;5;60;48;5;240m²[38;5;165;48;5;239m²[38;5;55;48;5;239m²[38;5;99;48;5;240m²[38;5;99;48;5;240m²[38;5;99;48;5;240m²[38;5;98;48;5;240m²[38;5;99;48;5;240m²[38;5;99;48;5;240m²[38;5;99;48;5;240m²[38;5;99;48;5;240m²[38;5;99;48;5;59m²[38;5;99;48;5;239m²[38;5;103;48;5;237m²[38;5;99;48;5;237m²[38;5;99;48;5;237m²[38;5;99;48;5;238m²[38;5;60;48;5;241m²[38;5;60;48;5;240m²[38;5;60;48;5;240m²[38;5;103;48;5;240m²[38;5;103;48;5;60m²[38;5;69;48;5;104m±[38;5;69;48;5;60m²[38;5;69;48;5;61m²[38;5;68;48;5;67m±[38;5;69;48;5;68m±[0m
[38;5;204;48;5;181m±[38;5;204;48;5;181m±[38;5;204;48;5;217m°[38;5;204;48;5;217m°[38;5;204;48;5;217m°[38;5;167;48;5;181m±[38;5;204;48;5;181m±[38;5;99;48;5;102m²[38;5;103;48;5;60m²[38;5;56;48;5;103m²[38;5;125;48;5;139m²[38;5;200;48;5;246m²[38;5;60;48;5;103m²[38;5;69;48;5;60m²[38;5;69;48;5;60m²[38;5;163;48;5;238m²[38;5;206;48;5;139m²[38;5;93;48;5;102m²[38;5;99;48;5;240m²[38;5;99;48;5;60m²[38;5;99;48;5;239m²[38;5;99;48;5;238m²[38;5;99;48;5;237m²[38;5;98;48;5;238m²[38;5;92;48;5;239m²[38;5;165;48;5;238m²[38;5;206;48;5;237m²[38;5;125;48;5;239m²[38;5;168;48;5;181m±[38;5;204;48;5;224m [38;5;204;48;5;224m [38;5;168;48;5;96m²[38;5;125;48;5;95m²[38;5;165;48;5;240m²[38;5;56;48;5;239m²[38;5;171;48;5;239m²[38;5;97;48;5;240m²[38;5;129;48;5;241m²[38;5;162;48;5;175m±[38;5;161;48;5;175m±[38;5;125;48;5;240m²[38;5;126;48;5;240m²[38;5;161;48;5;132m²[38;5;168;48;5;175m°[38;5;197;48;5;169m±[38;5;89;48;5;240m²[38;5;139;48;5;240m²[38;5;55;48;5;240m²[38;5;99;48;5;240m²[38;5;99;48;5;240m²[38;5;99;48;5;239m²[38;5;99;48;5;240m²[38;5;61;48;5;238m²[38;5;60;48;5;60m²[38;5;99;48;5;239m²[38;5;92;48;5;239m²[38;5;57;48;5;238m²[38;5;56;48;5;239m²[38;5;98;48;5;240m²[38;5;99;48;5;240m²[38;5;99;48;5;59m²[38;5;99;48;5;240m²[38;5;99;48;5;59m²[38;5;98;48;5;240m²[38;5;98;48;5;240m²[38;5;98;48;5;240m²[38;5;99;48;5;240m²[38;5;99;48;5;238m²[38;5;60;48;5;237m²[38;5;103;48;5;237m²[38;5;99;48;5;239m²[38;5;99;48;5;59m²[38;5;99;48;5;59m²[38;5;60;48;5;60m²[38;5;69;48;5;60m²[38;5;69;48;5;60m²[38;5;69;48;5;60m²[38;5;69;48;5;60m²[38;5;68;48;5;67m²[38;5;68;48;5;67m±[0m
[38;5;204;48;5;181m±[38;5;204;48;5;217m°[38;5;204;48;5;217m°[38;5;204;48;5;217m°[38;5;204;48;5;181m±[38;5;204;48;5;181m±[38;5;204;48;5;175m±[38;5;169;48;5;139m²[38;5;69;48;5;103m²[38;5;68;48;5;60m²[38;5;69;48;5;60m²[38;5;69;48;5;60m²[38;5;69;48;5;103m²[38;5;69;48;5;60m²[38;5;103;48;5;60m²[38;5;103;48;5;60m²[38;5;146;48;5;146m±[38;5;69;48;5;146m±[38;5;69;48;5;110m²[38;5;189;48;5;255m [38;5;99;48;5;255m [38;5;231;48;5;231m²[38;5;225;48;5;231m [38;5;225;48;5;231m [38;5;165;48;5;255m±[38;5;175;48;5;254m±[38;5;225;48;5;231m [38;5;225;48;5;231m [38;5;231;48;5;231m²[38;5;225;48;5;231m [38;5;125;48;5;96m²[38;5;206;48;5;241m²[38;5;165;48;5;59m²[38;5;98;48;5;240m²[38;5;60;48;5;239m²[38;5;69;48;5;238m²[38;5;60;48;5;238m²[38;5;162;48;5;95m²[38;5;197;48;5;211m°[38;5;168;48;5;204m°[38;5;198;48;5;132m±[38;5;162;48;5;169m±[38;5;161;48;5;169m°[38;5;211;48;5;204m°[38;5;197;48;5;168m±[38;5;200;48;5;240m²[38;5;56;48;5;239m²[38;5;99;48;5;238m²[38;5;103;48;5;237m²[38;5;61;48;5;237m²[38;5;99;48;5;237m²[38;5;103;48;5;237m²[38;5;61;48;5;238m²[38;5;61;48;5;237m²[38;5;103;48;5;239m²[38;5;60;48;5;59m²[38;5;103;48;5;239m²[38;5;103;48;5;238m²[38;5;103;48;5;237m²[38;5;99;48;5;238m²[38;5;99;48;5;240m²[38;5;99;48;5;240m²[38;5;99;48;5;59m²[38;5;98;48;5;240m²[38;5;98;48;5;59m²[38;5;56;48;5;240m²[38;5;56;48;5;59m²[38;5;99;48;5;59m²[38;5;99;48;5;240m²[38;5;99;48;5;239m²[38;5;69;48;5;237m²[38;5;69;48;5;238m²[38;5;69;48;5;59m²[38;5;69;48;5;60m²[38;5;60;48;5;60m²[38;5;69;48;5;60m²[38;5;68;48;5;60m²[38;5;68;48;5;60m²[38;5;68;48;5;61m²[38;5;68;48;5;61m²[0m
[38;5;204;48;5;217m±[38;5;204;48;5;181m±[38;5;204;48;5;181m±[38;5;204;48;5;181m±[38;5;204;48;5;181m±[38;5;204;48;5;181m±[38;5;204;48;5;181m±[38;5;204;48;5;181m±[38;5;132;48;5;145m²[38;5;60;48;5;244m²[38;5;69;48;5;60m²[38;5;69;48;5;60m²[38;5;69;48;5;60m²[38;5;69;48;5;60m²[38;5;68;48;5;240m²[38;5;69;48;5;146m±[38;5;69;48;5;153m±[38;5;104;48;5;146m±[38;5;111;48;5;255m [38;5;24;48;5;195m [38;5;27;48;5;231m [38;5;231;48;5;231m²[38;5;231;48;5;231m²[38;5;231;48;5;231m²[38;5;128;48;5;231m [38;5;140;48;5;182m±[38;5;54;48;5;182m²[38;5;132;48;5;253m±[38;5;225;48;5;231m [38;5;162;48;5;96m²[38;5;92;48;5;241m²[38;5;56;48;5;59m²[38;5;99;48;5;240m²[38;5;60;48;5;239m²[38;5;69;48;5;238m²[38;5;99;48;5;239m²[38;5;60;48;5;239m²[38;5;139;48;5;239m²[38;5;125;48;5;96m±[38;5;198;48;5;132m±[38;5;126;48;5;59m²[38;5;200;48;5;238m±[38;5;162;48;5;132m±[38;5;175;48;5;132m±[38;5;133;48;5;96m²[38;5;98;48;5;237m±[38;5;61;48;5;238m²[38;5;61;48;5;237m²[38;5;61;48;5;238m²[38;5;103;48;5;237m²[38;5;103;48;5;238m²[38;5;103;48;5;238m²[38;5;69;48;5;239m²[38;5;69;48;5;239m²[38;5;60;48;5;239m²[38;5;60;48;5;240m²[38;5;99;48;5;239m²[38;5;56;48;5;240m²[38;5;129;48;5;59m²[38;5;165;48;5;241m²[38;5;199;48;5;241m²[38;5;162;48;5;239m²[38;5;198;48;5;96m²[38;5;161;48;5;245m²[38;5;197;48;5;240m²[38;5;132;48;5;240m²[38;5;125;48;5;239m²[38;5;169;48;5;238m²[38;5;199;48;5;238m²[38;5;163;48;5;239m²[38;5;165;48;5;239m²[38;5;54;48;5;239m²[38;5;56;48;5;238m²[38;5;60;48;5;239m²[38;5;69;48;5;60m²[38;5;69;48;5;60m²[38;5;69;48;5;60m²[38;5;69;48;5;60m²[38;5;68;48;5;60m²[38;5;68;48;5;60m²[0m
[38;5;167;48;5;217m°[38;5;167;48;5;217m±[38;5;167;48;5;181m±[38;5;167;48;5;217m±[38;5;204;48;5;217m±[38;5;204;48;5;181m±[38;5;167;48;5;217m°[38;5;167;48;5;217m°[38;5;204;48;5;217m°[38;5;161;48;5;181m±[38;5;96;48;5;102m²[38;5;60;48;5;60m²[38;5;68;48;5;60m²[38;5;69;48;5;60m²[38;5;69;48;5;239m²[38;5;69;48;5;152m±[38;5;104;48;5;152m±[38;5;69;48;5;252m±[38;5;69;48;5;146m±[38;5;69;48;5;146m²[38;5;32;48;5;231m [38;5;195;48;5;231m [38;5;141;48;5;231m [38;5;99;48;5;250m²[38;5;69;48;5;238m²[38;5;69;48;5;238m²[38;5;98;48;5;240m²[38;5;165;48;5;59m²[38;5;165;48;5;96m²[38;5;165;48;5;60m²[38;5;56;48;5;240m²[38;5;99;48;5;239m²[38;5;99;48;5;239m²[38;5;69;48;5;238m²[38;5;69;48;5;239m²[38;5;60;48;5;239m²[38;5;99;48;5;239m²[38;5;56;48;5;239m²[38;5;126;48;5;240m²[38;5;161;48;5;132m²[38;5;198;48;5;132m²[38;5;198;48;5;132m±[38;5;198;48;5;132m±[38;5;139;48;5;239m²[38;5;61;48;5;237m²[38;5;69;48;5;238m²[38;5;69;48;5;238m²[38;5;69;48;5;239m²[38;5;69;48;5;239m²[38;5;69;48;5;239m²[38;5;103;48;5;239m²[38;5;69;48;5;239m²[38;5;60;48;5;239m²[38;5;99;48;5;239m²[38;5;98;48;5;239m²[38;5;56;48;5;59m²[38;5;91;48;5;241m²[38;5;162;48;5;241m²[38;5;161;48;5;243m²[38;5;225;48;5;231m [38;5;231;48;5;231m²[38;5;231;48;5;231m²[38;5;231;48;5;231m²[38;5;230;48;5;231m [38;5;230;48;5;231m [38;5;218;48;5;231m [38;5;125;48;5;231m [38;5;211;48;5;255m [38;5;204;48;5;224m [38;5;204;48;5;224m [38;5;168;48;5;218m°[38;5;161;48;5;218m°[38;5;169;48;5;218m±[38;5;165;48;5;139m²[38;5;99;48;5;103m²[38;5;69;48;5;103m²[38;5;69;48;5;60m²[38;5;69;48;5;60m²[38;5;68;48;5;66m²[38;5;68;48;5;66m²[0m
[38;5;167;48;5;217m°[38;5;167;48;5;217m°[38;5;167;48;5;217m°[38;5;167;48;5;217m°[38;5;167;48;5;217m°[38;5;167;48;5;217m°[38;5;209;48;5;181m±[38;5;209;48;5;181m±[38;5;210;48;5;217m°[38;5;167;48;5;217m°[38;5;197;48;5;181m±[38;5;54;48;5;139m²[38;5;69;48;5;146m±[38;5;69;48;5;60m²[38;5;69;48;5;60m²[38;5;69;48;5;146m±[38;5;104;48;5;146m±[38;5;146;48;5;146m±[38;5;69;48;5;146m±[38;5;69;48;5;252m±[38;5;69;48;5;189m±[38;5;69;48;5;189m±[38;5;69;48;5;239m²[38;5;69;48;5;237m±[38;5;61;48;5;238m²[38;5;69;48;5;238m²[38;5;69;48;5;248m²[38;5;231;48;5;231m²[38;5;231;48;5;231m²[38;5;99;48;5;255m [38;5;55;48;5;255m [38;5;56;48;5;60m²[38;5;99;48;5;238m²[38;5;99;48;5;238m²[38;5;103;48;5;239m²[38;5;129;48;5;239m²[38;5;200;48;5;239m²[38;5;125;48;5;246m²[38;5;204;48;5;255m [38;5;204;48;5;231m [38;5;231;48;5;231m²[38;5;231;48;5;231m²[38;5;96;48;5;239m²[38;5;60;48;5;239m²[38;5;103;48;5;238m²[38;5;103;48;5;238m²[38;5;69;48;5;238m²[38;5;69;48;5;238m²[38;5;69;48;5;239m²[38;5;103;48;5;238m²[38;5;69;48;5;239m²[38;5;69;48;5;238m²[38;5;99;48;5;239m²[38;5;56;48;5;239m²[38;5;91;48;5;59m²[38;5;163;48;5;96m²[38;5;162;48;5;139m²[38;5;231;48;5;231m²[38;5;231;48;5;231m²[38;5;231;48;5;231m²[38;5;231;48;5;231m²[38;5;231;48;5;231m²[38;5;231;48;5;231m²[38;5;231;48;5;231m²[38;5;230;48;5;231m [38;5;230;48;5;231m [38;5;230;48;5;231m [38;5;223;48;5;231m [38;5;209;48;5;231m [38;5;224;48;5;224m [38;5;204;48;5;224m°[38;5;204;48;5;224m [38;5;197;48;5;218m°[38;5;218;48;5;218m°[38;5;126;48;5;139m²[38;5;57;48;5;189m±[38;5;69;48;5;189m°[38;5;69;48;5;153m [38;5;111;48;5;189m [38;5;69;48;5;67m²[0m
[0m